5174
14247
22441
4376
12056
29213
7726
5644
26611
31916
14954
31716
15366
20450
12731
9557
27331
14009
18245
7367
6531
13178
23874
16472
24441
11227
152
28452
19940
8298
21169
7108
18569
29487
17799
26644
16993
397
24062
11833
12943
5482
28791
6883
21908
29072
2978
15568
3782
32082
1427
11666
32255
21362
24345
14225
7570
14402
29003
7507
31875
15114
6499
26107
26871
1706
22224
21264
7913
9600
3974
25472
20255
15500
28313
2021
4700
466
4362
27654
7384
29184
29921
31137
17901
2385
24187
30824
14355
945
10278
28489
23822
26658
12267
10994
23142
25438
22443
3477
12824
13758
19310
3048
23435
14426
503
31601
26821
15730
11164
5632
3039
20493
852
22141
4278
5855
13842
4835
7908
24176
21585
30605
22511
3707
496
18353
9663
3732
22593
1834
19798
24078
11869
29050
6587
25372
15290
25103
13111
13622
18687
4549
30404
26303
25366
19885
25027
4580
17539
2829
26093
11463
26869
31911
14732
26845
32539
3390
30699
8596
11449
25431
9739
7738
22779
21053
28567
11034
28937
23623
12314
19944
23259
10845
7280
6495
2639
7353
8315
25640
27769
22763
17687
26366
7482
31008
12879
1552
6932
16547
8657
18854
27964
31140
21919
18952
28657
24633
26376
4764
15117
16034
471
16462
22234
7889
24522
24372
13094
13610
6213
19314
5274
26759
6216
6492
27719
7039
22175
18651
19842
6888
6232
18450
30194
21914
22906
2369
7143
16758
11764
12265
30445
4519
11988
6449
13986
8744
18361
17288
23492
15494
30859
22924
10126
6632
24425
25642
5445
17996
7907
26631
4622
18707
29802
29215
26370
14016
4868
22445
2436
4093
5701
11594
17874
4575
8570
14680
30683
23402
32551
26017
18001
3160
21684
29756
5118
16662
15971
31665
7003
4112
26501
28252
26719
27694
29422
12567
9365
4254
18342
1299
26993
22997
5601
18695
3300
12240
10289
21901
7214
26016
21755
30920
30964
12837
9256
21835
19602
9754
32028
10294
17842
17233
28908
15010
21534
6464
29899
576
22226
2749
8390
13628
28758
8454
18098
21864
30026
4100
30050
30358
10562
20433
15389
17477
15829
28535
16974
2689
18417
1275
1918
17924
8049
24218
24448
32673
23794
22866
32491
30435
27106
164
11214
24561
22233
23449
26270
14516
27693
2819
8051
31036
10433
7429
19316
9056
8989
14805
28304
30117
196
3521
28016
17762
30657
5232
15273
17441
3716
10603
14901
13383
3564
475
23076
20728
22949
29589
22415
27957
8884
11603
8398
3655
10320
17476
15850
1377
31476
15048
19541
19585
30130
25716
25305
10903
25034
19293
29135
25321
30843
31379
29585
29622
14105
20971
306
10265
14688
18178
8044
305
3592
14206
22489
14975
14745
12439
29286
28047
23425
20439
25350
6363
10596
8477
16291
3564
13491
7656
21082
2754
11904
12754
7143
630
7569
26715
23134
22814
15027
10216
26653
5873
26448
7692
1790
22188
29252
16645
27601
29492
7917
2698
7689
14460
8833
20420
32693
7081
2981
23194
4530
15988
18491
10289
18463
16848
15739
28851
786
11213
9797
23632
32649
25789
11189
2435
21668
3989
27641
18583
20753
16790
25439
12393
19655
23852
27570
28783
17143
5142
17863
1017
18495
21703
24915
10935
12578
9996
22271
19068
31925
15344
18623
7745
22426
13533
7263
22125
19250
26115
17503
3668
27919
6141
2816
15101
8872
3250
5023
30504
19793
19322
1602
20623
29290
30851
6513
31341
13270
15218
28231
2365
11439
31053
29384
7108
1591
26008
15989
5457
22802
11966
7454
19780
11955
18867
15352
22477
14101
8408
11503
19446
1707
10783
13373
10980
28825
10351
5180
19545
20772
7242
19320
29822
23655
10157
30985
30432
17736
26935
23328
2744
20651
4750
7135
13423
10470
15871
24686
26721
1396
18276
20043
19170
31469
11339
31457
12670
1845
14164
31069
18821
11764
31451
31421
1992
14663
24279
13353
17821
29366
17922
32647
12073
26725
3643
27210
26334
4750
28712
9866
578
27950
543
4698
17394
23039
25159
18774
14055
24231
19450
29819
3833
4911
7278
19516
29345
21686
2709
209
4611
4199
5697
31955
12076
15016
29324
13830
31640
18068
28535
118
28407
12716
9937
6085
31536
30665
28763
21187
16807
854
24873
13631
11708
28091
23115
21533
6292
9244
27309
16297
23067
17476
2108
26667
27465
17884
25674
12476
32165
17377
24372
9303
11272
31317
24386
307
10404
19508
3790
3664
3140
26025
17833
28496
10965
20098
8634
27273
4390
226
4840
21848
4076
22581
24123
6840
30729
27753
23613
4115
27662
11612
30375
3160
27390
21136
10553
30029
30805
29478
2538
14119
1352
23050
7233
23128
32591
27243
29699
11176
10209
10350
27406
10887
6526
14883
28293
12705
7667
29880
10029
3508
14810
18924
279
30366
4448
10695
22144
7867
2635
11400
16885
19565
20283
6368
23483
12796
6191
6749
26221
30625
23628
15401
12007
11229
20698
31732
9059
3599
22928
2351
26082
26438
19985
1147
24014
25940
14518
21345
3293
11300
29326
23619
11064
4429
16547
16018
20189
13798
22143
23362
8769
29341
25071
16763
28218
18947
1031
21394
31517
21802
23398
14391
3363
24178
956
27632
18
7840
11913
1734
17945
20528
14631
2621
19963
3309
25610
19338
5232
10686
3911
19969
25800
1219
8275
8653
3281
31136
29965
6883
2043
28697
2047
29753
26042
14560
10721
13106
28460
11434
29791
24413
20476
16776
23069
25184
18054
2677
30711
9263
7995
21803
2957
14210
32583
23100
13055
10885
17010
13149
23029
20433
28740
3077
30691
5019
3181
16439
907
12587
18020
23963
16323
23696
19533
15060
17784
13459
17696
6414
28403
4329
13832
982
2139
173
22281
25391
27003
3341
6886
29666
23750
5187
28226
6677
30616
20679
29189
16927
18367
24770
13569
17307
31290
25030
12502
31419
24384
29885
3602
3040
28549
15904
29597
1383
14008
13930
25941
21445
18256
24267
30197
15318
7048
11808
20539
20338
1960
18979
23370
4162
8583
24799
32333
13521
16718
13928
18269
17382
32638
15048
31141
31250
21557
15420
18115
11653
15277
2465
14194
9253
1029
6441
1894
4066
10308
1874
30840
9539
23707
537
24835
69
12266
29802
31118
19302
26246
1500
11691
23805
29242
17051
29726
16076
11147
32677
29250
21464
12352
20282
28329
4217
2850
6541
22275
30893
2305
11712
23873
22705
24311
24335
28666
27603
1521
588
4621
25986
28522
24459
21896
4263
30586
27678
32200
31032
14352
24772
3298
21513
8571
29
16450
6374
31792
8545
16530
736
14279
21330
2270
27364
11078
11119
18677
12434
10914
5483
18194
9547
5507
14045
1211
11660
17224
15161
10986
3195
28747
7167
363
3520
4198
14642
30085
406
10934
22028
29660
16162
8862
19952
6550
8451
4623
5536
189
12330
6407
23728
11236
28908
18008
25403
21774
1621
32171
22484
9163
8128
32452
20927
3748
25764
29192
15202
27577
21169
7740
16630
29865
16924
11151
6018
16818
1079
6107
12298
26
20548
16424
11011
26573
29323
9074
8203
13383
29098
17068
3543
9396
7725
16900
1645
18262
16478
12137
27539
5160
22622
4682
20359
6849
9333
10401
19952
18298
24999
30001
28949
979
31368
779
30541
13843
6225
599
3254
25647
18994
8785
19754
32237
14058
19602
8815
4681
3222
9617
21166
29720
8902
30313
21287
4587
726
25565
13090
1334
19068
5785
13097
7346
7325
14522
23668
26111
5221
27793
11429
31374
28310
8356
10678
5054
23840
25846
29231
10821
14579
9609
7580
9426
1553
28192
318
23025
32231
6985
11521
26926
5085
7323
13486
12157
10284
11325
6498
23257
23791
8104
26431
24876
16766
13741
23393
24175
18423
1465
9747
7698
14621
29784
7491
21406
6758
20728
29492
18073
14927
240
17779
30122
22259
23488
6156
29949
4828
7322
4349
3049
11289
3362
2027
21968
10640
19827
15892
27207
29334
23906
21125
20599
1213
19206
18061
16835
15341
10872
9841
32684
24759
15063
10849
16625
28901
23695
25515
31226
22102
15579
18991
1142
9
23177
15891
27204
4471
18430
20920
22415
7206
20089
28652
30782
6011
22172
12897
17547
2768
14888
31837
241
7622
25352
11700
30028
732
23441
500
7996
28737
13320
28639
25546
6887
24932
7454
1102
26585
31062
14899
23184
18382
28551
23216
8237
28926
14369
7590
17724
27444
29584
14945
6706
8741
1930
17746
20739
29184
18764
16717
6538
25158
7463
20725
23851
732
12092
7284
23991
8031
10628
16239
15247
15543
2835
21304
9997
5359
1181
26950
16671
1347
32313
2531
28469
8827
10853
2853
9822
26488
19018
21535
29101
12813
1858
24664
14306
528
1432
6013
1094
11952
5263
19794
22231
1544
8101
32238
16293
2805
17688
6696
18812
17701
13738
30797
30659
22385
16801
15636
23460
20589
14099
20691
1134
26941
30048
13554
20279
9898
23040
19872
22981
4213
27263
29638
7343
29418
24517
25401
28863
24249
30363
22836
923
23298
10603
30469
32676
32175
14151
15622
27423
24070
7213
12751
659
5502
24202
2474
4721
17106
22012
25160
5114
17237
20316
26290
4446
5765
12796
28545
5409
8162
2605
29522
10435
15105
7429
23413
9888
21980
26975
4325
25365
1388
14882
21885
28900
18554
11719
15720
1242
27826
22293
23770
15535
18937
23343
32253
19757
18432
12497
29487
23444
25113
25815
22890
1598
7498
2047
24323
24703
9376
10735
25240
26063
32710
1402
32324
10283
6102
16927
21268
15800
32367
28370
10431
12714
11016
6656
13713
31844
8836
10957
8873
18144
15622
24480
8292
32082
32262
5601
7961
29960
12965
16129
7
10645
19005
9915
21131
21806
7485
28314
29079
26708
5684
25276
5471
9396
28971
3029
11605
24395
1336
8822
5720
11725
19536
18320
296
840
7517
9780
7454
4
19600
25244
23322
30895
9721
31343
23740
30902
30293
31297
25559
17398
5671
11353
22050
7060
11018
9400
10545
18985
4933
20055
19108
15139
12192
23983
22687
8552
32630
19582
15994
28988
17164
17097
2489
12644
6177
4381
2878
26507
17606
8219
6333
9190
9328
31028
625
28692
27468
19632
4365
9544
13266
6389
8182
28073
2717
22278
10159
29945
27770
20554
19604
3189
27327
399
17868
17917
27102
12110
12409
19061
11833
3888
9009
28523
11064
10962
5554
20474
18585
24517
28881
27886
4616
8410
23220
6184
1264
23708
4929
12101
28816
11549
29910
27002
7249
13558
27963
15554
10327
19849
725
7740
23638
27273
14876
8654
22695
22205
28495
15631
23963
11776
30822
12644
7439
14477
9032
24937
19008
2937
25662
5522
23521
4737
18599
29714
13419
26374
494
12283
9397
6230
7354
13223
31940
18733
14436
19032
7908
18044
21166
3355
18679
31592
31666
5874
2062
26262
1560
17457
2614
29862
1932
297
17045
25597
15727
27652
5045
5576
10701
19952
29727
28733
31888
12160
16684
13860
7411
3150
13336
30615
26425
27110
11608
6
29342
21983
18989
25982
29582
3915
30842
7466
3605
24402
31955
14618
11415
25881
7894
13123
11969
22761
28606
27079
1215
2701
24373
12407
2735
7931
4714
7062
14422
20791
12644
26592
30994
14965
7830
9163
16400
25982
19635
32269
11455
12628
9923
23902
21381
18201
15991
9599
32432
10029
13497
19835
31663
4503
4232
11053
18562
19878
30723
6146
13679
5335
32707
21249
20215
9466
1134
17416
9224
15761
17033
1112
15476
3193
8334
20563
21410
19916
24383
18053
11140
8965
9273
6114
3016
25957
4812
3406
16723
30614
26378
1635
12779
23183
18206
21870
22579
2487
16096
7354
15325
25165
6566
4370
14875
6663
3676
17793
12886
2297
29143
25692
27427
19129
25446
31106
17267
31425
10154
12771
1033
4116
9640
13375
25906
7205
14877
30512
7344
28916
21777
14443
2039
29306
5551
31043
18076
5959
22612
9327
22794
23658
27366
16652
6007
12433
23399
22246
5398
6769
5322
26611
17294
7784
15877
8992
27308
10081
3943
13392
18516
30457
4652
21922
27838
24800
32335
1523
9951
21889
10911
2213
5412
32741
17173
4766
11878
31444
14693
18579
22299
24894
9171
29318
22217
15834
32328
2189
16833
7693
421
31958
11017
19469
1367
26344
12954
29766
7980
29739
17355
14845
30052
16811
6158
32563
30476
793
20954
25548
28295
6931
17384
16368
8814
2212
14498
7602
30874
19983
19929
30191
20350
13512
14518
13433
442
4804
1523
18293
18414
29938
10826
15874
27852
21258
30510
14876
1906
12421
18362
14783
12278
20204
31207
31567
25154
21846
2049
311
802
4397
22108
30929
15259
13360
2371
2182
7807
13246
30513
18742
19518
11601
2884
28377
2303
29769
11246
25703
30959
11499
31214
24310
30425
6313
31614
11298
14584
30627
1998
16306
14345
9071
1714
17529
3235
18197
22679
13433
14027
22622
31420
15439
964
13903
15263
28107
1572
4336
5045
1502
21549
32338
30301
18873
89
24783
12055
16179
55
660
7921
17515
30070
2653
28227
19119
3391
11648
1692
14493
27081
17197
26876
14216
18983
7412
13380
28702
25700
18567
28650
31303
9681
7874
28401
1104
19870
17384
24345
30024
5544
32048
22611
3754
23954
32640
119
20797
3095
7032
5945
10553
6814
27314
32346
9643
32527
25160
4635
16154
26598
28311
26103
29035
32390
31811
14737
11522
9167
4732
14828
25386
23282
25215
25306
12727
22148
28767
5303
29162
23506
14597
12886
11924
28789
31093
23356
17790
1574
31572
5644
14345
6355
2727
32579
28434
29426
30942
20517
30232
3093
20753
20984
29089
13758
8585
4463
21721
2677
32386
26217
6781
21273
8751
9180
1271
22132
19967
1035
10699
18193
20767
9472
19505
17234
22592
10550
19203
7101
27290
20630
9690
21399
14385
7588
23925
4020
7511
23291
13146
26509
32626
5367
3263
19603
26367
23473
31914
31683
31447
24880
14680
11643
16561
18397
220
30604
18153
13624
12552
5520
7040
31946
5776
2942
13411
30554
14189
22139
11504
23140
7296
8179
31926
9159
24184
9961
2940
28094
31221
21387
18053
16145
12013
10506
6931
11149
28496
2472
31274
22705
8423
275
18838
15018
13954
2289
26160
7554
25682
31676
7004
20116
29588
10704
13270
31299
31087
17602
1967
4587
29984
5364
11154
19992
6484
11622
9548
8438
17621
4559
18827
11529
28265
749
9958
5150
2040
25881
8734
12930
7404
29982
10148
6769
12253
16203
5723
25553
7022
3271
18334
9249
31346
15141
22661
8876
23380
12856
6244
7426
17077
27689
16533
12200
16726
17350
22904
14095
8505
32029
28855
15555
28163
15434
1231
17637
23717
24205
18892
4059
22075
27040
11091
9286
10804
1351
12262
13620
11188
13096
8548
14488
15926
14557
7887
16887
5494
28744
31570
30051
11406
29222
3715
9901
14431
20199
23013
30935
6450
18878
10161
4552
3999
18932
1750
13891
14511
30337
18494
25114
5437
12253
24915
12447
8354
23572
22466
10588
14993
14617
6782
17668
26687
10588
27657
16041
12487
11934
16879
1326
6350
1796
15763
24832
354
8299
8749
8705
28200
22012
27668
27077
30391
11264
27961
26113
26431
32245
4852
3904
21614
21217
14596
16344
9876
19430
11729
14109
24581
24855
19443
23764
8895
24714
19704
22763
14668
25518
14690
21351
9962
11999
6640
28829
746
12088
19999
23973
9046
2729
11247
268
23254
30281
19690
9161
19924
18157
11363
9842
8927
28665
31484
5808
4685
25718
19307
14577
6437
3685
31869
23132
21308
20563
1114
32522
16541
17710
268
16499
31278
12887
12859
28710
6545
24568
16442
21182
22601
19352
29768
1809
10782
26861
17935
28074
22210
25841
25201
9338
22196
7992
3972
27338
30565
19840
4571
372
2714
32138
30472
23379
9489
26920
26974
12792
12391
20632
28924
21150
21561
20240
17927
14176
31370
23962
6198
16554
29540
30754
28564
8942
31682
6349
2689
23704
11182
32141
23802
18499
4007
27635
5403
7981
28997
26436
18658
32744
4896
3278
12598
19795
25581
2684
5672
31177
27882
25513
20600
4760
32637
30770
1115
8117
26135
463
31099
11182
7263
31651
13376
2015
21133
10257
13390
8425
16403
10450
31823
30560
2435
23876
18162
4292
15789
31493
3379
29875
11783
5313
16862
2652
9811
840
26190
27191
18299
25828
23675
30708
2496
9961
6708
22705
10771
19853
8616
6511
1731
28154
25387
6599
12121
3746
27703
3801
11201
25043
1969
12934
16042
3723
13166
29407
10030
31629
3830
13788
9654
20660
10120
1362
18456
8840
17758
14111
16643
31759
7729
26023
20125
15078
4352
19589
29802
29071
20238
23930
3184
17421
5674
8617
29593
29358
24626
15111
21848
1833
11226
6669
23183
22504
17066
15280
16305
21927
8262
914
5668
22334
24306
1658
13545
22459
19797
22786
7294
23220
4477
13967
20995
27356
32036
5254
30109
26323
30514
30141
6168
4163
7811
4656
5072
4392
2537
9974
27857
27503
18805
627
31805
1731
3314
8398
27374
20644
5043
27813
16221
8889
18831
30720
706
25447
13609
16772
16765
5282
7029
23018
27317
17667
31863
32175
21311
5915
19790
30476
24513
21256
4978
23592
6679
13893
17722
32141
13813
30151
5025
6360
18638
9797
329
9141
14581
32471
27328
17163
10243
10690
25603
17012
23672
6034
3904
8176
28325
2154
20704
32730
15561
16281
1221
7451
27258
5485
6352
2461
28486
23372
12455
21251
30875
17920
14005
24471
8932
21075
32370
6019
19957
22492
23524
11845
4265
15896
21606
8285
4041
1981
19624
14664
15408
10314
22519
13746
15405
22499
3262
21992
1065
22876
589
29836
25226
26260
23514
30092
727
14084
1221
8532
11292
21655
545
16451
16016
12988
32111
2652
13429
15290
27820
16191
10816
18501
31631
31319
12794
13646
6668
5972
30182
3103
21532
15068
28260
28838
22208
21373
12053
18961
17987
9959
3904
22940
18880
16216
12660
13223
28645
19799
11887
20236
20726
20901
26431
7855
4629
9073
17063
26967
11712
9931
22980
21436
9627
18267
22512
20705
368
2899
4583
27811
16244
21154
6185
9362
6604
5739
18591
17153
17743
15541
9088
28761
3470
21604
26486
28339
29201
19816
14589
13221
10468
308
22796
21595
10835
8049
12024
30698
10737
21236
10645
17378
8415
13038
15262
30498
19786
21603
30551
9969
19254
4062
3440
21066
10874
20322
13101
16246
9740
30883
13252
22497
24703
18294
12551
30246
18890
11399
22338
23148
4683
1098
2151
14581
20236
14900
17000
5876
13124
11306
17637
27039
801
25146
14855
11142
9156
28297
26284
23587
27790
2444
9668
7602
7578
15995
13050
25923
8074
15363
2200
28941
28807
7484
21668
30981
25219
16090
18767
19887
3777
29863
19601
22836
8856
13105
19213
14006
26996
447
12858
21472
14365
18570
21956
20673
7484
20266
17456
4570
31515
32591
20160
14453
28332
16305
18582
30009
10189
31562
16667
26876
5834
10434
15778
2008
4899
26155
13897
12929
24464
31982
23072
31189
12099
25093
24206
16565
4205
1643
24048
12308
24579
3025
2434
12621
10946
12691
12931
25274
8049
3562
28308
14978
30310
26467
23394
19378
29259
17040
17796
24976
24098
30717
13991
25900
11399
26213
12008
16695
7221
5414
3457
14360
1484
23283
27816
24637
14034
23753
29876
15023
32247
31012
27266
6122
19613
29554
32023
16107
4503
29640
5766
2698
12593
11988
13332
28938
15985
18963
2459
10735
22941
20547
29740
26127
22525
18972
32760
19948
6370
20283
1393
14913
11240
9055
8620
23259
11383
13271
3594
16298
30352
2363
6935
30744
6342
347
21170
15513
10122
25973
1391
22148
21932
12459
18233
14881
30239
6835
7996
1795
19197
15057
28418
25240
17866
22274
21723
24830
7421
13178
3459
28696
23228
30289
6399
30946
18664
29562
9928
11009
24153
29940
3371
9887
4459
21316
20464
30837
13241
29218
31290
7209
15144
30067
20398
30939
7208
17015
6359
3067
6454
8516
3785
13917
11173
4723
10757
24463
27039
11545
22685
25450
3431
6393
24473
32231
480
30967
27544
10548
6227
22992
5307
8711
19309
30985
22974
1587
13191
30757
22120
16761
4139
20507
14630
15520
2771
6407
15347
711
5875
31264
9338
20731
4922
21994
3967
17413
4117
1709
2939
6277
24438
16165
18054
12613
20947
25467
21370
22471
17521
28276
19030
27424
25826
14057
18400
28937
19917
10615
4239
15668
24813
19063
23207
8924
604
5168
934
25760
6418
1356
13535
22161
30888
29577
15205
26250
6242
30385
5930
32448
15213
32716
1384
30361
28261
28820
2624
1474
32283
18217
15778
28028
19348
12806
24428
19510
8533
8244
30422
20321
28125
8637
269
14208
1908
11364
29470
25214
23843
6291
4886
20549
14596
27285
27751
21900
30652
15365
25486
28912
22853
22919
11507
30279
20209
26806
11025
1073
27307
10845
30678
30703
21376
11497
7501
21369
25439
798
16762
18890
21021
21258
18822
25983
4540
20791
14364
32160
16365
31781
19218
27838
20691
11255
7244
15934
22282
19053
18909
17908
3304
18194
26992
22004
771
7095
19175
1700
6131
29983
20033
17686
7513
21500
20673
7061
20000
14874
30028
26750
31234
14299
19476
30546
2638
28131
7539
12296
17385
22292
23577
20648
27283
28349
618
25877
10604
1806
24354
28970
25783
25552
5435
265
22749
27987
21264
5040
10933
4007
1218
5070
19714
6670
1499
21204
24382
12978
5681
14926
27030
12948
5646
10100
6709
32197
19853
9468
26565
11224
17223
30515
15667
5271
26159
11852
4787
5365
3771
13048
6149
8260
6981
311
21494
29096
11184
1389
23849
29132
16462
20408
4119
9427
16385
4481
26197
13458
10657
6481
21270
27388
29854
16614
18672
12509
25831
391
19683
25804
22026
8852
14999
7770
16796
13921
7653
12688
1243
22852
17817
1689
10642
26349
29558
6587
13885
6646
19835
14220
18798
18875
29797
18786
1135
14956
25461
17931
2345
13153
32115
6846
3908
20397
27379
8274
21648
15605
11735
28846
27812
23683
3605
12417
13253
31382
17339
8499
26889
4092
560
3867
13243
16867
18620
28658
6146
5101
7242
17799
7870
130
3693
6325
13491
27498
13730
8338
1257
8859
31445
27114
21074
24911
24614
4844
5294
2394
9452
28450
23724
1723
27386
10151
17234
4465
16674
11156
26782
16784
14072
1211
17774
10643
24024
25752
21661
27380
23339
32132
22383
30970
28645
31788
14639
32211
6482
13634
22038
5602
12051
23410
10607
21850
8804
20888
9977
19468
17056
27952
17293
31613
11014
15629
28928
29500
15805
10319
4427
1906
20502
31119
9449
21947
27666
10844
14465
3124
19236
747
21957
9942
28215
25098
31642
5890
30451
16726
24953
2396
9788
18862
2581
15837
9212
3047
26942
9764
29731
12737
8453
15885
15596
15130
6689
21125
16993
7010
31633
10909
15137
19279
17795
18141
25185
8914
4981
10970
27441
3913
18842
25866
14592
31222
12671
18648
355
29360
18926
3828
15122
29400
19987
20461
32307
19599
14301
3329
14812
6694
16807
15156
25299
16854
11032
1183
32664
25010
17735
13323
13733
14297
2595
32446
15348
23280
17171
8341
22210
22224
729
32339
16531
379
30396
16953
9334
7253
21222
9943
3466
5521
24075
25633
28609
32233
24651
29381
11748
1682
31066
6588
16599
7023
8670
31263
25631
28037
23576
3389
27553
431
22471
18666
9900
6034
3401
24090
29754
31956
5124
17838
27763
8329
14340
3981
17267
31470
4837
10231
18765
7514
11252
1814
11088
32369
25489
32470
23177
22171
11736
6903
15240
8373
24704
18273
871
4870
6146
12471
26121
9332
30718
4910
31136
29175
19163
27552
29554
6223
17583
16092
8668
22002
27998
27457
18327
2377
30213
14475
15418
24347
32153
6636
30208
17738
2251
22111
24780
30141
12591
2873
9834
11677
20382
15616
19480
25796
9689
27265
18757
6514
19310
22045
31640
1090
25056
31076
7220
18525
21506
22245
6715
29678
9380
7747
32400
25814
4209
22156
15586
26016
1816
711
5606
5815
16298
29900
28387
30678
27715
16985
17012
9665
20717
4193
3722
8243
16833
10407
25520
11287
19536
3468
31123
9722
4161
37
27841
22721
2875
11409
2481
11415
23557
28810
18692
16938
16619
28729
24842
19991
21860
27983
4232
18594
21235
5201
1720
17835
22859
13363
3218
2270
438
5161
21322
10793
16823
23482
3098
24179
24814
16662
11585
14475
1597
29097
2124
30302
8233
26864
5524
11886
11395
10636
6408
29055
9031
3221
1068
13459
2244
6960
14690
5913
27389
9828
5225
22882
20048
4393
23587
5972
19797
194
411
7010
28681
26445
20550
23996
32300
7321
29577
962
20711
31031
30076
29631
26546
10196
6894
20692
17525
8390
16553
29490
21229
996
7670
12428
24402
17563
4196
2253
24631
23614
21702
2822
6065
30366
20859
1706
20411
19675
22002
23805
13785
8825
29548
1738
6652
6326
21252
8788
5286
19483
11501
7568
22606
28754
17660
20625
12806
24119
4198
7236
32091
18481
26826
24925
3965
2243
28786
25489
23968
16222
3030
27910
25249
12154
5217
17928
2029
5605
10360
21757
5535
26714
15545
31387
28136
13141
21120
32344
6068
2598
30640
7970
23690
15684
29616
7249
32180
19173
17843
19162
17569
15819
22589
2757
29319
28257
3555
12513
21324
23046
2898
14518
30631
1193
25234
21179
23171
6294
908
8905
30116
14479
5578
17104
2444
14367
8063
24009
7328
11819
7623
30443
30087
5578
29231
12578
5331
29015
18808
10941
29155
9156
24472
16742
32519
29744
17666
21080
14566
28604
2343
19148
17693
7579
28221
7348
25641
14697
2623
27564
14983
26558
31029
1582
13593
6402
1205
32517
3276
3715
25770
31492
11640
13764
32084
1783
1032
19993
16016
2522
30682
3184
2138
10057
4969
12658
14480
9784
8233
17867
17912
12260
14770
28869
3205
31497
7201
7452
11990
14166
12731
24590
12544
19742
9172
22193
12429
17744
29424
28041
24005
28073
23079
18010
6700
3368
462
12347
24651
15555
17747
26092
22707
14424
4201
1641
16448
15334
5989
31679
923
16637
28392
17439
13314
12403
18111
20785
14668
23641
19463
29098
25895
22061
30357
31009
19365
30033
17813
6687
1271
8636
12144
9845
15480
14064
18676
10706
12525
4908
26543
4756
2570
9954
17307
23775
10041
6251
23553
29676
19352
20474
9111
15780
19264
32719
14315
1134
7629
31917
10245
13125
31259
31373
3656
6157
24397
404
410
8231
12052
12099
8645
17219
15662
6126
17180
4213
30764
23663
32097
4492
3961
18459
8678
30879
15000
2805
23795
19432
1453
25634
1640
981
18239
20637
26019
20317
9020
4652
27812
29329
16189
8851
11887
29555
3084
26375
5298
2314
18532
14309
6312
182
8439
4260
829
3522
4533
31753
30835
14136
27724
4249
20996
22521
10219
4436
3401
25868
24140
1696
20570
28215
6641
25476
19063
3276
22958
2838
29607
13510
28007
18999
28574
7188
4123
6525
6116
11317
25377
15217
28980
12805
11954
2811
4131
16343
2984
3610
12546
30147
23173
8408
1796
9282
11191
19582
1700
31992
32027
7940
12097
17872
28863
5835
6155
16974
24812
30351
17443
18209
30052
5527
510
11256
7656
46
23051
3991
5629
31831
20629
8746
22000
18109
32490
27097
5400
7145
18365
13724
16731
25015
10953
12881
4083
1291
31671
22028
2930
24512
66
5550
17156
15073
14745
6329
32501
16668
23812
24418
7795
30067
16331
3816
660
565
14932
22565
10907
29741
18059
11363
25975
13849
23942
13424
15500
24670
22634
15861
31670
12537
22664
4867
31371
16313
31436
28655
2785
17067
23128
2912
12433
30422
9836
25766
1658
297
20361
19533
29896
23474
4054
23282
7286
8977
21186
19030
7185
22571
16363
25777
4543
27171
27967
32329
32385
7302
31840
11586
28341
7621
10061
13240
3039
25065
64
20491
31656
5506
26834
26490
12327
15584
1125
16116
3424
21382
10691
13866
2058
32732
6147
14569
8598
12068
29357
23207
25964
11695
18718
20572
19320
3921
11565
15507
9189
31762
7438
448
28712
13606
17527
3796
19777
26144
22786
23055
21309
5730
5587
32277
3584
20184
6778
11589
29505
18406
12570
28486
31190
13214
16331
23778
13874
30775
26942
19992
8236
28346
8352
11884
26114
31231
13504
27522
28829
2520
5747
12779
32022
24204
24120
27711
28538
8327
21784
14444
17098
8271
1232
18253
14918
21178
4914
23167
14315
23903
27849
21616
23611
18250
700
3768
21308
8692
8180
27309
29379
15986
6529
20529
3570
17132
24122
3791
8704
13393
10660
21767
16440
18505
24086
12773
22853
4971
18970
21721
19884
26545
23829
32706
26522
30504
3883
24396
8672
3820
93
15740
24636
32340
4852
17033
31962
32362
1315
14318
20250
11678
19944
445
3988
29627
16691
16950
15706
25113
16202
23448
26748
25621
29548
17463
1490
21438
26036
24783
12277
18129
25665
22808
31119
10216
1940
6810
13525
28654
22073
32195
21585
5078
19370
16695
18661
31372
18032
20327
269
3884
8587
613
28004
17267
32020
23031
11882
5747
31265
22506
20356
29578
28137
30376
13124
32148
20521
28173
5355
6752
26822
14967
17196
21089
179
6684
30771
22694
6677
29857
29414
20236
29605
24808
13675
6835
23382
15657
3306
23726
5177
3396
18068
25343
21405
4949
13796
9666
6522
22153
28708
9384
26640
3121
24884
14503
7883
5909
7559
11760
31850
4363
5486
14882
3168
4808
3481
8893
890
11765
218
10201
20419
19846
20269
1816
24485
28743
24054
10969
25680
29111
3465
22958
4960
21786
10223
31249
11193
18122
11496
15954
16822
18382
7980
19668
5764
14253
14070
14457
32456
12420
7619
23899
7304
26967
5975
30141
28744
4773
15362
31553
1395
24895
10273
10331
15869
15194
17639
11781
327
15330
3678
29108
21059
17
31400
26507
4312
29505
26251
23759
27272
3326
11053
18076
15952
13664
16667
26838
30671
17303
5264
26977
9643
19144
28405
9109
20273
10520
6564
20460
19771
3334
7665
21502
10839
25853
18027
20144
20005
27945
17759
13480
30721
20363
9374
4356
19682
2632
25216
15947
31874
4167
24617
11171
16832
22522
1291
581
16962
19580
15276
16175
4446
21725
11178
5400
23099
26042
21756
10921
30003
20752
28794
2282
27772
18513
14752
19963
13320
17592
1423
30724
6313
18906
19284
23662
10873
13951
365
8020
9849
6063
29833
16180
9080
12816
31632
2283
1591
13679
11491
2016
202
20124
30949
18047
8513
2939
19898
29417
13192
17752
10319
15337
31372
1403
13978
31275
1183
6140
28451
31144
7966
16601
16835
30565
11601
18246
17835
10077
26258
19268
2217
22203
16306
6517
25511
32333
920
28975
30837
22838
24363
28879
15560
21475
25715
7248
13954
26432
18682
12828
19763
13355
25465
16929
21728
29481
11440
15144
13828
3159
18326
25186
22229
27556
21682
26948
10696
25918
5321
5525
1367
15946
7865
12230
10498
11736
11429
11137
5012
27158
17490
16004
3751
5571
16081
22960
4970
8679
29535
14429
27810
30658
2441
31217
14831
32514
13972
31153
14417
21561
27163
22743
29674
17293
11770
28388
18182
23474
15723
5175
19032
11541
5999
31455
6790
2394
4208
2478
5865
22281
10020
28046
32142
19844
8372
21784
2176
11581
12318
2659
28745
18469
11480
24346
30646
28264
7350
7890
25819
4951
5389
31642
2903
16037
14105
10451
19417
7639
19356
6210
11491
18934
16840
3427
28878
5511
5471
31488
19727
30397
24601
24323
9912
25068
6726
4233
30786
10305
20148
13367
17545
11953
17875
19153
15128
4399
27671
3592
29095
1570
30622
3988
22242
5654
4371
20099
17004
31665
978
14033
17956
16361
14668
16184
9383
26229
941
6473
4374
16001
31677
10172
7193
11174
30212
12037
29219
31513
21298
29736
20216
6435
12222
15821
19053
15057
14028
27543
25199
20460
7252
6066
26183
20779
641
30379
10012
16040
20055
27013
4538
25233
12185
30217
5522
11296
24554
6493
32001
14029
23858
10456
6869
20930
9027
13589
28941
7055
10429
9030
13536
1567
9006
28875
21505
22250
22142
21764
24354
30573
29579
13667
32183
10711
18960
8133
20220
30214
20939
16130
23609
25265
20191
32194
68
20199
5495
19347
26696
32696
12460
14393
4550
13874
28841
22853
27097
24975
9228
11754
29118
16812
144
29963
3219
3517
32489
10648
23135
29504
11760
6427
17491
303
16640
18574
7760
21370
23968
7024
425
4788
27746
28952
17705
7180
28939
11336
13912
25984
11763
22789
30714
29261
5807
25766
10713
27562
21998
7212
15812
12725
27297
25809
7640
30894
8287
25316
2046
18019
26375
723
17077
25579
19879
6282
3858
6039
9372
2299
31748
15142
2811
12798
32477
568
27440
1116
29966
1286
10981
1062
29490
25423
4646
9036
1359
5014
11714
10858
17496
12938
12532
9189
25846
26310
6722
32055
9095
11450
8102
21127
12648
7913
9708
6269
1903
3670
18267
6228
16828
32568
11671
29233
26802
24053
17094
6579
19264
78
32242
203
20069
18135
20142
25806
22003
29355
27645
29128
10899
861
2671
12308
265
12594
15757
28713
1721
22413
2167
10423
5994
25514
25036
31475
75
7055
11978
20782
29747
20800
31159
19373
5421
22067
26495
28597
14132
17155
12446
19685
16443
26472
8512
3273
18801
30311
25767
8363
26050
17094
8142
428
12705
8131
8012
14100
4101
14854
7290
5863
14513
31955
24024
29881
31673
22404
13997
12994
24130
30519
10734
26933
29833
18628
13409
6094
7463
22258
514
5546
403
22762
4774
13148
32744
1259
4574
17213
25064
31552
26142
31747
1345
23919
15135
27030
22800
26036
2945
24607
21668
4781
28085
9569
19332
15191
10266
17484
17075
7993
20582
16079
11058
18143
31304
4591
9671
18570
14668
16406
13309
17702
31230
21933
31340
12668
30290
7148
30778
16297
18755
28145
22498
31951
26043
25616
15668
30474
29875
18795
13470
32678
24219
4034
10153
23951
1020
13708
31430
1032
26972
21062
14411
8608
23138
15627
27833
7010
18490
357
6208
18509
26427
5731
22917
260
20423
3051
13730
22470
9843
8786
8558
3231
3944
42
12288
4576
28938
31323
2670
13518
18903
8822
5338
16023
7569
3909
25776
8586
15775
5031
27689
1670
28849
22426
32532
20147
15779
1946
5333
23921
23972
3626
27566
16014
6551
2992
28989
31932
5817
133
5190
15426
22148
23885
25523
28145
28116
28036
7897
11866
14153
20570
6909
9534
1260
29633
8727
31046
5397
17860
11989
11252
20108
4122
10723
29146
2030
12795
3178
23306
24146
11314
3031
24525
24365
13172
13021
9624
2419
15600
3005
4155
27135
14631
16325
29532
22325
28926
20502
30756
4070
14609
19371
2872
16755
28491
9879
26347
14646
30388
5774
3506
17693
9609
6311
18648
1944
22930
1120
32626
17078
9904
20451
31126
24203
21430
27016
25544
11988
6521
19098
9909
15326
22571
10078
26404
4771
14052
24657
16937
24630
24962
6322
6555
23650
22707
5696
1225
18318
2128
20037
14697
32740
6125
17363
209
29107
10670
6990
3434
26385
31580
1834
17505
31428
7607
29174
20383
12899
13838
2458
3068
952
32270
4061
10159
18793
30168
5162
1289
27351
31830
31379
13668
15175
16846
29718
8278
21568
18615
19487
11050
28467
26828
12111
29840
610
2144
20348
30867
9466
32753
2297
12492
32386
23551
27927
1237
17785
28958
21995
7937
4411
30283
26450
31050
805
6524
8499
13963
2809
17019
26372
7152
19076
30707
8336
16042
23678
6859
22519
14823
689
27572
30966
257
32606
3838
5480
8693
7644
688
21261
3096
11906
15063
26251
12037
31175
22558
16306
1498
28328
11423
19204
25252
4170
761
27765
3607
26337
23459
5999
3971
30672
5248
10265
12547
2322
11955
25049
5112
13272
9908
14104
27061
2675
4771
15941
9340
21877
31453
30748
13482
11283
8398
19240
9774
27598
10246
22662
12863
21331
21902
3565
6479
17567
22908
6379
22842
29286
22213
8049
5060
31926
7507
24978
14658
16600
19031
10376
19351
24695
17121
9976
19810
17411
15534
11895
12662
7256
18752
24140
24203
10139
5940
12151
6963
15717
24017
499
30223
26148
9949
3897
32322
446
27316
26117
24614
16759
12955
21340
14910
30996
13649
23758
15980
2880
8679
12281
29540
30000
3282
11086
10849
15747
13119
25624
32023
19052
2214
19897
26600
25362
17058
26167
21594
24631
22272
3064
10185
20504
8213
24778
10841
4501
6997
24103
23087
10898
30242
32438
32481
23965
23778
8468
4394
17105
16468
2005
19171
26618
1316
6854
29486
15354
20925
19829
15093
18795
28254
20212
15763
1157
27504
26329
31184
12354
535
9097
22291
7873
25351
15799
2771
20712
26521
21799
29263
14670
22813
27320
13439
9816
17010
15265
16458
6050
32725
25083
31481
672
247
24192
13036
19077
29010
28562
10891
28515
15036
22911
20352
14484
5693
1027
29220
24154
7966
4366
4406
30402
7234
20680
3539
10702
29626
14034
23458
28882
31891
13519
336
25887
8946
7716
32060
25055
4708
30971
25203
32064
23151
24718
16862
7381
16749
23714
13242
10553
14746
21073
5449
9461
11371
29197
20167
10915
4129
18146
13728
5716
31647
19195
24288
24112
11384
9576
30187
24156
13133
29983
27502
7201
14934
19776
4245
17482
6718
18077
29311
26829
12596
19065
2543
16814
12351
31376
4932
29985
21201
23128
8875
10991
13472
7559
18579
28442
14769
16341
23137
10180
15541
18947
13157
8781
30617
26652
525
31676
23129
13563
30041
26720
17429
24333
24207
7863
21094
2648
6960
27022
15090
5052
23338
9578
25406
6521
5967
11559
10948
27890
19462
31199
6982
20913
19521
31245
29537
11690
16559
25586
16229
3780
10034
1848
29796
10645
26259
25046
16777
13677
19061
31795
2987
18839
31623
20622
18210
8155
18430
16797
9178
24647
20547
25716
16294
23088
27624
8617
21206
20083
23265
29110
2827
12032
5873
14494
2122
30618
22882
1236
12368
984
10489
13656
19493
1648
1065
19235
9204
1460
31623
27077
3354
349
20606
19277
7805
9608
27716
11113
32543
12030
17164
28110
755
25784
30590
986
2543
19107
21092
21880
21858
29088
25254
12613
18312
2255
22904
2033
16731
5133
30418
30439
4781
27579
6688
26160
12404
27074
19260
15764
9573
26579
20377
29955
28868
29428
8129
1076
18298
22584
20737
30092
27496
28365
18274
8257
3323
17212
17372
19903
27392
2029
8903
20043
9402
28394
24210
16614
29234
20708
10935
4724
14031
17787
15086
30749
8742
4282
2722
26868
21267
2529
14497
23254
12553
24424
19223
18069
28582
23616
28605
14166
28811
4700
3150
26936
30570
3696
13115
15159
25696
30969
20639
30799
26758
18557
9077
15332
26819
26900
22281
30049
740
32039
20652
20256
26862
7032
1452
31882
1714
11874
28035
13183
9635
22627
25679
21752
741
471
4482
2282
2982
29702
9947
20846
13233
9569
2965
22816
6720
6921
18398
196
28946
913
17546
28720
22974
28421
13065
11878
11591
18475
12694
1280
25072
29448
32690
13009
850
13478
22225
12745
28843
18453
15187
5145
21881
17584
22965
15512
4168
14753
17417
30309
31688
8872
9123
12238
20002
6680
13078
23665
652
27682
5215
17057
284
28501
22367
14348
30937
18022
17551
4506
8216
28461
16367
19096
20230
17137
22591
10005
10369
19429
22130
21900
17708
5106
24928
21444
5314
20663
2491
6901
27050
4303
21060
22316
25292
20050
2110
11760
10148
2718
35
22566
10900
22359
2711
4914
25983
28844
13722
11615
17555
19676
11777
12673
13158
17657
21799
30169
69
15085
24288
4664
2505
24762
2990
359
27306
1286
21304
29127
6104
2262
4855
2357
9416
25242
5427
8240
8716
21098
1070
14398
18983
11151
7583
12683
28831
22341
14945
980
26452
29887
32365
32387
19983
14956
17670
21532
94
31865
7475
29911
5536
31895
27250
31887
10076
26366
32171
14298
20951
8369
14947
1146
8933
19204
7218
4340
27391
8284
12407
16254
9366
3639
22602
12318
26023
12396
26290
13841
3984
4531
28440
15466
12578
21863
22524
24059
20215
11915
1511
13432
1541
18444
12961
8922
15476
581
17571
7938
21677
10696
15055
16031
5812
2908
95
2897
17335
2370
15644
25103
2023
5565
30160
25030
16006
14033
4349
11586
15425
30538
5071
1106
5057
26880
11088
30759
2173
7258
21979
16126
9170
12561
16595
27391
8277
25654
11924
2148
8040
16247
30890
26333
23819
19870
578
4659
22005
30810
11997
15916
5092
29506
12620
10672
5169
22551
18136
15657
31911
22601
12993
26672
4757
10173
3562
613
10274
1230
16082
13214
29665
402
11718
10053
1701
29278
2389
3835
21399
9612
12037
14465
32389
18555
3140
15065
25725
7640
2977
32424
4763
26908
25148
9695
7967
13142
20859
5786
6338
19755
12543
11593
75
12827
21719
23053
93
12550
9203
11621
22419
32238
29403
6153
10447
4350
30369
25110
9678
30411
25619
7532
18432
30171
3894
5972
2967
11620
7920
3431
24798
4437
10501
10667
18381
26522
19013
2558
18906
10908
3843
22200
17937
29960
16328
11404
17255
23250
26185
23983
15692
21369
7831
20028
7807
6540
2198
28632
24102
9069
28080
8338
29470
6485
28362
28940
4496
27800
20087
5600
26309
29739
11116
2109
18235
12899
16181
6609
760
10239
29990
32748
21534
22633
28051
6626
7104
25401
16708
30385
24820
22267
6435
24035
17961
8498
28216
24502
26811
16285
1495
12411
24261
5816
32280
21308
18231
4486
32392
22433
8232
28302
24862
12052
22381
24099
26481
23844
18794
21993
20519
1831
8744
15765
24753
10020
21672
22772
14134
26096
7287
4911
30924
24726
15747
3917
12270
23804
30253
8697
28459
12740
22431
6278
3099
25969
30816
28976
1687
18635
13605
26789
28713
4228
29675
196
26562
12827
7490
25764
32171
2049
16364
19928
5054
251
4774
20209
3542
24263
18502
10053
26244
18434
27142
1007
31748
12617
11296
21015
10607
24991
28827
1652
49
5646
27748
32270
13758
2193
8864
23625
6529
24114
10817
2591
10005
16496
29143
15021
2232
9699
30121
6385
7677
3619
7173
722
23233
13541
11220
30048
4703
103
4465
3678
808
12047
26044
18174
13837
2127
27498
19435
1695
5323
30367
5772
26426
8638
29374
11144
13692
5017
31360
8837
13052
19438
13891
23350
30265
9869
29861
916
26577
20973
12626
21355
8180
1741
32282
8473
14359
25370
583
13202
25837
27668
1069
30120
27795
31661
12546
28298
19723
7473
5872
9098
9963
7468
1385
18211
16470
20617
18363
22842
13356
22263
28132
7332
8574
23697
6055
1513
28485
7869
30175
1863
30803
14420
30228
24058
13193
30980
19532
17595
11339
19443
20259
12167
24369
29093
23070
29857
20223
4384
10813
1754
26072
25678
26831
9488
30382
930
22666
8949
29437
5374
22747
12049
10425
25045
13179
14859
7301
6285
26691
25380
21541
15655
27457
3588
9526
3361
2315
1465
23580
23195
25939
20733
20285
8890
18364
7095
12909
25418
10988
22981
16040
29607
16867
1785
519
25821
26507
10337
27629
11534
11408
29388
27009
8724
30577
14985
9826
1896
27352
4210
17814
13122
1575
12330
9923
3842
13395
9122
2977
30415
15605
16354
12719
15486
19358
24326
13349
20917
363
31622
18986
23888
17626
4283
13640
16387
17372
25759
29725
19521
23596
7893
3411
13661
24030
20713
1746
31216
23611
21464
23859
19834
204
7891
3960
17740
5301
31552
4859
19621
13381
14850
17317
9243
24778
19962
9312
28732
25770
28621
975
7030
15791
12008
22844
3892
419
5058
28114
2122
28957
14177
9740
2707
11418
29728
32621
14296
16335
5039
5746
3572
30526
7771
18629
20534
13320
12176
18355
8199
12802
29596
12000
2253
29706
12981
29497
783
19100
3390
15915
13017
10400
19782
2322
25954
14982
29010
3317
4588
29589
21596
23152
25068
1408
5915
11761
1131
30267
11909
21544
20652
18444
15251
12984
31759
26597
4164
18739
26421
22001
1508
15941
18021
15469
2190
19759
10542
26809
31728
10103
9550
23215
23886
7902
10451
24115
18121
11155
14208
25355
14306
8870
6002
1778
18234
12479
12548
1511
8603
27920
9711
1227
31292
6280
25526
27179
20545
23882
13633
14683
11650
8797
6087
9156
17037
18341
22258
17534
1006
24082
13374
14882
11438
12311
7587
4825
18969
11870
14195
16057
13508
5306
15749
31826
6863
23389
32659
29571
32616
18507
31969
29331
21392
13582
25375
380
3106
23723
29841
16266
22801
17878
6509
16165
25073
7522
8325
21483
11193
5371
29477
1795
3015
6679
16447
9645
19492
31018
25285
7709
25866
16665
1879
7817
28579
31474
21790
10881
13844
2522
7672
6783
1210
18247
22997
14783
8371
12143
29025
30288
1953
12800
7139
22380
23722
31505
21604
11781
9924
18520
10773
13216
17455
7838
28651
2918
14146
29553
3980
22904
12395
7961
878
25732
31090
10957
15421
30102
9725
20262
30078
27184
11609
14035
15731
11420
20855
22927
13374
1665
30517
848
17992
437
21471
23489
26084
19282
5110
499
2096
19724
24368
4175
26940
28865
23999
7376
23407
16978
8918
2415
9766
25522
8298
14558
14237
1852
2102
31608
11795
25674
15873
18553
31785
23043
16163
5994
11404
13428
9030
28128
2259
18403
6762
30054
10155
22111
3116
11704
9777
29596
15431
3890
4255
23294
6235
12679
15915
27636
4845
19126
9260
16519
12207
6714
25727
4659
9474
5249
6953
24821
14010
25248
12093
4261
11809
2629
11009
28806
4926
20973
24396
24860
2903
13655
22066
3133
180
32312
22755
25451
30630
21808
3281
22625
13512
24317
27665
1004
6277
14831
7428
12028
21466
28571
27958
29179
23133
11988
29574
24157
13695
25047
7560
26233
7438
29894
11303
30615
30974
24664
25487
31306
12392
19662
29258
11520
27091
24873
21416
3287
8371
4762
12645
16562
13359
2106
2182
14989
21287
26363
5508
781
26998
6622
19372
25435
29300
27239
23494
24883
21695
32079
3573
16696
11068
1912
29406
907
8024
20262
12300
3739
14484
19819
27539
31807
17728
995
6900
15618
16518
23202
14657
1469
22955
6763
10370
15212
146
22306
16982
20794
7042
24196
23518
19678
18984
32534
16598
25898
23008
15195
27141
28385
20272
15690
29400
3018
10389
7679
4682
20482
16003
21937
6918
20886
25767
26596
18128
22097
12399
8160
20769
5075
2252
29025
9489
13795
25399
20880
8826
7943
20978
7218
15963
5969
18320
22816
634
23931
13239
30199
12366
20023
23845
18448
2843
5568
7409
27315
3423
8117
24339
19847
3437
14631
3111
1869
5464
6385
16494
16590
29202
16967
29718
19474
15829
30098
30907
15315
27074
9083
28717
3889
2761
5702
8308
17832
28104
17762
18705
28478
14071
1854
23943
3329
4227
5470
18714
21936
11385
5805
8151
12985
7654
9237
24788
2403
19773
31565
11705
9293
3064
21490
7039
20759
2946
2778
120
1631
15189
6053
25488
9711
21087
148
28882
12084
1963
16543
5934
30195
15933
21441
13177
12599
10302
23959
27829
30350
9561
7721
9619
30068
24676
10504
10038
1808
28739
4761
26938
26142
9
1968
6901
9005
16993
864
20988
10506
13357
5906
489
25980
29292
30933
8540
27185
10081
19445
8256
6649
21234
22479
4944
13874
29262
8419
14553
24707
19154
6187
15041
25806
23598
21676
20936
24415
15811
2890
11790
4970
27472
14560
18646
1460
17614
12944
905
12176
17816
4184
14334
24077
14031
9702
7672
4462
24829
32174
10736
28890
248
2617
18709
9813
1034
448
7826
14063
20302
6137
9743
11067
5725
2609
24442
7171
1322
12699
26631
30522
16683
4072
9333
4402
1466
2583
24724
22032
24506
17807
2052
12156
19581
23403
23615
29341
16357
22037
19417
27204
21962
11542
20231
20839
12956
13100
27999
20946
22346
10909
20702
23321
27746
29644
2607
26065
18553
2570
27178
30463
13773
17070
5276
30673
15145
616
12358
13708
27657
23762
22568
7622
1023
21064
12799
2773
20821
8186
19980
13447
13044
22079
13335
6420
11652
10541
16820
29264
23509
12134
15813
2853
15998
820
17728
2369
11972
31193
30002
32524
30909
25888
30212
23005
24757
4920
19453
109
6096
194
4361
13708
25585
28969
31673
4882
32475
24882
22410
12569
28822
2004
21098
19817
26901
22857
17272
1844
23829
16485
20236
772
27208
551
3063
2801
18099
32654
3596
32535
16212
18861
31199
10823
2569
15362
1484
20221
28333
4356
3131
146
2948
9467
4899
7347
14553
23316
27853
30994
20453
22709
21979
6491
22771
2830
13448
362
25794
10993
23857
30651
5419
13027
21
19490
6403
31603
9305
30396
8003
29130
21583
8997
1382
7300
24311
31723
17683
25278
21190
19011
25852
18800
5543
15867
28934
6910
15936
29104
15786
11529
4726
32577
31387
14475
20275
14467
22697
30755
7526
22583
18149
173
22604
16185
2822
2070
2287
4602
14603
3694
15084
18991
20002
7487
3704
4299
29385
4382
11173
29739
10291
8575
31458
20113
25837
6862
18113
28884
25793
32443
11006
25942
12251
32469
29884
24373
7466
1370
22545
10694
21513
16461
7877
11327
4383
25290
13399
21939
12931
4247
13121
1348
20260
10235
22397
17044
23913
24019
31304
23164
11540
24546
31526
13313
14444
29033
14886
29059
4251
13815
1895
12856
26965
7811
11227
2009
1978
11448
28491
29851
6270
144
16284
1377
12615
25636
23888
23600
342
18883
12624
16099
30058
28737
12264
32288
21217
8593
27923
18570
3617
16278
17913
15928
24630
4919
17334
22631
24508
4530
7005
31083
8448
3122
28476
14572
8546
32163
13666
16462
510
27333
26463
19313
21899
2175
24395
8603
1410
7287
1546
6834
4739
19423
14029
1199
13302
19602
31708
32079
6894
11359
2196
5131
23634
8868
5291
18507
17982
8223
31932
14295
9383
4354
19455
4494
14654
1349
4951
8282
27287
13120
12691
611
28299
2169
28909
24707
29659
15547
7639
14843
3861
7016
31480
6244
28348
30479
13937
16360
6819
31553
17508
12209
17050
20641
17079
1698
24652
18235
18965
8261
12392
31511
20534
32261
18175
9997
32609
20638
17198
6618
10031
13777
26108
372
10897
32348
4229
155
3860
4137
27993
17073
4452
14534
18719
459
25359
1045
24190
13064
30092
27461
6461
19746
30332
28672
5288
23874
24879
30694
22838
24089
18794
31803
7530
1324
17256
25052
3575
31343
3358
3448
24871
11798
23748
2044
14717
16552
30864
18255
7066
12629
31685
28480
31581
18057
27884
7869
9294
25793
2401
7493
317
18334
27154
31903
1830
20791
25988
717
18264
25524
21271
28732
27862
31001
5002
30269
10494
27999
705
29113
21352
11977
14022
15903
16657
18549
12303
13474
5817
31538
24319
11170
6793
22673
8878
2663
18681
5183
9453
17685
12529
32657
14213
21724
23342
25441
5824
112
16616
11289
13611
2233
5554
7181
29849
3531
26785
30734
28779
16408
24752
25147
15631
12772
6243
22299
16583
23802
23723
233
2476
12446
21258
21807
17650
15298
19191
12439
15213
18301
16004
25853
30548
30136
17982
28104
30534
14379
1109
15995
4746
13192
19197
24455
29339
25333
531
19812
17892
4032
4100
19935
4040
29006
18923
12214
14821
2389
12025
10338
19098
4171
29466
17460
25798
1567
7381
7331
29907
15142
14964
18661
12020
25944
29286
15548
17066
5564
29409
2451
26509
8737
1228
13769
10057
22287
17883
7757
2279
1533
19964
5739
334
17348
17394
14821
19721
27476
9535
9542
5962
14502
17736
2163
4655
4082
18356
18307
25669
17697
6677
7632
3915
30597
12490
30542
13368
21960
2852
29724
22655
24098
17095
19033
4241
28367
10835
31289
13219
15041
16196
2136
31922
30354
29463
12878
15557
20924
4015
20867
627
4108
15094
24645
23204
22356
24007
21783
3740
1377
29196
18508
821
8748
31779
6101
7531
16980
13191
32088
20510
28108
7852
19074
14100
24273
9770
16285
25406
11552
25374
12389
15420
14693
11469
27415
6946
27894
10635
5580
637
8641
26332
30213
6033
18052
15576
22151
16613
4924
212
32617
3586
25055
19262
29803
19575
32589
21705
28041
28192
2180
11978
15824
9384
10260
23266
7281
22093
18388
1502
1044
20451
2770
27099
7278
22556
9104
7086
25110
2054
23149
18307
148
3285
22625
8387
4795
14051
2541
2364
15674
31221
11858
13180
22381
17088
26370
17533
5753
17836
23380
14472
28311
10967
17531
3923
7856
15197
30137
877
6699
29655
13520
20699
17667
8225
30394
20228
13852
25697
21657
25034
29655
22340
19697
1530
24292
4491
9493
31974
16215
22215
32479
23376
10238
15200
30372
32650
9202
27612
23911
13020
25197
31070
25421
31270
21723
20333
18001
22982
29492
14071
22841
4284
6792
2710
30409
3852
14812
17
13622
11108
16692
11046
28126
23551
1777
7559
27957
30409
5981
18466
24323
15556
8837
421
19149
13482
31815
22082
13456
6356
25259
1200
13750
23642
32375
19570
8770
2940
20989
29019
3662
2881
2616
6226
18359
31837
26135
24915
6167
17752
10265
25270
25331
2029
17946
27060
29750
1457
19309
9255
4830
14325
8490
6033
11254
7916
12489
2400
10692
3089
5360
15472
19267
27587
19594
10194
4052
21042
9241
2764
2864
20351
18765
544
13729
20255
15573
657
3186
1665
5749
23716
5795
14064
20313
11684
8674
18106
1705
25064
19383
30098
29789
11353
11007
12339
32339
5934
11675
18246
9118
4602
32361
3462
12834
8425
1907
8482
31326
4422
25703
25698
30088
22337
22856
27022
4575
30960
8546
22028
6461
10899
10883
200
26091
28
4200
20441
22970
22511
27766
6497
19279
25318
19883
2996
23999
28056
27859
24765
30300
20187
28927
24734
17614
8071
22579
30615
4453
8061
22623
25385
17837
27624
19600
14971
25411
27331
616
22012
23784
3996
31692
23114
1492
23959
30940
27219
2892
19125
24104
17594
11383
26710
19232
20604
9326
29949
29901
23763
31378
15188
6335
6234
11554
25200
7239
882
27149
4949
11238
25061
18948
6077
28420
28618
16852
22037
9189
23977
15859
20169
14298
22495
7256
32449
12212
7491
30864
19244
29822
26889
32271
23164
22636
13287
13508
32433
26638
4215
31728
5339
23497
9949
10039
32218
15752
5033
29176
5225
5807
11775
15578
17499
14929
30965
18855
10019
32674
17468
26974
18842
175
16387
20611
32509
12620
2072
1466
25909
25166
27216
7828
32348
1275
27690
16041
892
17087
21423
3303
21658
15649
14236
4905
10739
2548
23235
15371
27269
16338
22191
25341
19409
9926
22919
10903
7904
24905
31540
3373
28292
8560
28102
23458
21216
15971
3348
7809
7722
15889
4515
3401
18096
10018
27338
4105
12825
12077
1043
32557
17902
6444
31203
5528
24921
22573
350
18675
9260
19018
1925
31812
10020
8154
19361
16578
2416
17129
30949
6376
30573
21222
847
29128
3764
2204
19407
18082
17238
5732
20395
8885
10854
22680
26402
30037
19896
27210
22352
27710
27881
29238
15185
18472
20383
15350
2217
24475
3346
29045
13027
17413
27852
2214
12921
15626
17581
14710
29428
3611
30769
4095
27732
14922
31990
28414
27570
14940
2168
5767
20260
22816
19231
759
14561
10752
23677
14379
32166
19926
15568
19695
21080
31233
4047
19129
31978
30135
29859
13720
3201
412
7987
20583
23766
23956
5796
28998
26844
24790
15648
31307
12452
22595
1239
19060
13949
7925
30276
15072
22367
9498
27570
31807
650
22787
9726
26760
5226
9848
7838
7402
22718
79
15074
28676
30713
10301
17530
6232
21480
10475
19257
5885
6038
13900
21529
14997
32365
26671
31102
20095
5789
784
24767
19022
706
17204
10466
5497
32449
24053
13991
13139
11250
11610
457
27454
26757
14826
18304
16668
13854
5826
17994
20999
29635
17382
26347
26946
28408
2773
30386
24943
4136
2400
22271
9730
9799
24251
17922
26869
5558
11989
9413
24766
28263
28645
24173
8830
11585
13893
21693
27771
11462
29316
30171
29904
2291
21943
24407
4195
31335
20495
12905
17944
27848
23985
32122
8772
21603
5569
24294
24165
1810
12224
17665
12560
7267
29465
28504
23082
6390
17654
5433
16219
26919
18520
21877
11456
28397
17511
21348
3552
9986
17671
9514
13026
10565
10667
30521
30205
2140
5742
2327
21807
21661
31584
26466
21554
17967
9757
1809
15020
21100
4517
9724
678
12426
26727
5279
2879
4475
27807
19738
25505
3857
15074
31613
16949
5734
6903
23363
31763
20859
21225
3612
4285
21535
12378
20464
7692
4115
15386
11296
20586
21611
19449
6159
9026
23607
26329
5857
1461
12387
12039
19074
14223
24796
18123
5610
29305
22772
25405
13472
13168
21256
347
27517
14453
12128
29017
14003
1670
12886
11320
6414
3022
28091
10138
28793
12825
22902
7125
29635
30090
24430
28742
15779
21392
24235
16872
2298
9750
27064
14372
601
16122
17483
7147
21187
22465
25639
25859
18356
10633
31042
12702
15457
16702
16675
23601
10306
25617
10639
9091
30414
6182
1636
6405
3206
9613
24261
18785
7476
9076
5495
21333
14197
26011
28811
24770
10613
24072
17470
13824
8954
18171
17693
19317
14500
10532
17773
9574
11379
4628
25033
24076
8073
3826
24845
5611
4401
16239
19315
15967
20257
5371
31996
29304
15100
4666
14098
20999
2331
7857
30059
4857
23693
17094
2608
15588
25692
24551
17759
17120
24082
14601
11118
28568
8572
24404
32561
22433
6574
22300
8957
17930
20295
2324
5390
22324
26615
21438
2854
13795
16190
20774
29047
11926
31862
9424
20675
3348
18963
26095
24514
30792
4650
31191
17348
16462
25648
29365
17559
21198
26629
18046
30635
18825
560
29221
9844
18225
3437
23825
29712
5758
19813
4302
1578
16254
32444
6403
13598
1837
10320
8100
1885
3397
4544
6504
31764
31831
812
5758
26888
27
12860
2940
28612
30213
100
9880
19959
3096
28262
1306
3352
16895
26904
23825
21835
90
21351
28485
26504
14934
29084
21870
762
19840
6622
163
14757
5083
19960
31765
30796
23599
8797
18429
17810
15525
5737
24787
31839
29585
16874
18113
1413
19087
31711
6487
21668
12241
24192
7040
11339
31159
19582
13237
27999
2208
23435
15472
30145
15105
18461
14564
21035
26548
22127
16875
18267
21138
17609
16192
30324
20291
13058
16622
8353
1621
9027
3336
19963
4236
30733
13723
23469
23673
4990
19169
13653
4686
31696
32183
15790
27121
10530
18001
10861
10063
24699
25389
22376
12531
16396
17477
21757
29911
24757
13961
13746
3962
12491
25484
24345
26930
27673
31102
25079
15812
21796
3930
7588
16946
5044
6496
12981
23764
23695
454
2265
9130
18056
14763
27649
5361
28856
22092
1220
15860
24076
3706
12289
17445
10752
11340
31174
1132
31401
18193
16240
15551
21497
22920
15636
29683
12351
2132
2590
5074
493
11434
18744
26989
670
30541
3950
32692
29527
16316
18063
2115
12813
21417
3798
18047
18536
23214
25545
12514
22471
8764
2146
15507
1668
26068
32365
1850
21113
26489
3377
21266
27843
27749
6994
2368
709
29179
24566
13923
6256
12029
12071
13676
22466
13567
25977
31920
31117
17947
14060
16699
11130
13031
25875
25703
5965
21668
8310
24494
28523
30648
6454
8893
9369
19039
751
6089
10502
9117
4066
16934
25740
13943
10068
11030
15923
1378
23345
4319
24311
10748
24821
3104
4555
17658
4556
8036
25821
10849
13816
25848
28700
7674
8052
20218
25848
13311
22487
11699
19304
10779
25978
28711
4146
19602
27613
21225
18535
15291
11079
28980
20012
9655
9133
27704
6848
18525
24277
7346
443
20340
9660
703
12692
25381
9524
26610
7526
31407
17873
26532
13300
18269
15110
20875
2026
19382
3468
6799
19814
29427
9475
20440
20662
15542
5340
16428
19044
20728
12406
20344
13423
4163
10887
10412
1244
29730
17342
16844
29037
21463
19623
26180
8369
24907
32462
15229
27709
29259
28967
29613
6200
27120
11181
8947
9245
22111
7754
27299
6332
5811
32503
28383
30594
7480
21284
19047
12027
8666
10330
29873
14485
22749
16415
20029
17319
462
13082
18211
4529
25273
20343
21486
26598
924
13965
9388
14823
15900
32190
21062
29138
30071
22175
30222
31099
2746
601
24471
26873
24884
5200
23753
32357
1834
18434
18484
17118
22220
28209
20901
208
9064
13636
13559
28534
18142
20715
21292
14238
9044
17666
25021
13741
27946
22456
9261
7394
20784
28400
25572
24543
19223
23783
6715
613
16422
24599
212
14431
12846
23132
31788
30242
7872
854
5235
22003
24221
6670
28827
30409
6510
23004
1967
14421
8630
13960
31846
30784
19716
9135
22264
13492
7277
27496
4400
14365
18745
22568
10434
12849
2525
13795
11232
25134
9002
28276
29704
13922
6595
17727
800
1265
6100
30229
14020
16851
23297
15192
17887
22044
16029
32607
15480
31872
13853
15643
27087
18198
19404
21499
29865
12892
30656
21262
2536
27004
25356
32616
22878
8141
27447
6598
21731
9117
31213
10101
26021
3630
1269
17007
3008
13566
19043
13512
7183
16459
7439
25416
4161
2775
21829
19290
7471
12009
14782
6180
876
25748
29903
4856
19998
5435
27105
29419
29709
18517
32545
20419
3834
19822
12153
15383
7474
18286
30910
19121
355
32030
31275
823
13485
4840
22286
2571
24316
4575
12737
32623
18838
24575
21212
23021
24560
3509
20649
16374
12998
7330
19160
9417
12650
9116
3700
11414
3421
29685
13846
7139
31772
9216
6745
22064
19260
8914
9869
12246
31417
14662
26032
5941
20876
7236
23450
22798
8315
29762
32375
1070
10037
32266
25722
12365
20382
10430
31184
11317
13160
21786
21203
22311
8163
6650
28289
10618
3094
12828
32044
12421
13582
30502
32626
447
21622
3563
20848
26917
9576
10218
30259
22236
11139
32279
14191
20504
28734
26847
28020
26428
10875
14694
861
32579
1120
14355
2955
24158
29538
27726
30802
21470
22178
4488
19697
30037
20349
23932
23240
14072
2142
31669
24261
25416
24023
25169
4896
13810
7665
25604
2376
7667
20928
9056
24605
27391
17722
19283
10847
27172
16713
12529
6502
13739
11294
17011
16404
15423
969
26496
521
17233
26374
13996
789
26810
8282
9279
10995
26530
26463
3639
4404
9377
19548
18832
25977
17701
537
5314
10213
22036
31218
5004
17874
17842
1577
14320
28355
13508
30337
15487
13722
25334
25352
5078
21004
14970
6452
29033
5713
16114
24369
20351
27936
25488
378
5758
29658
3195
24231
18793
1286
16245
25989
23463
18173
18364
14700
5126
4838
20781
28877
8447
18405
16047
8715
16956
24208
16335
12940
11095
20643
27048
7183
997
10484
22278
7232
10419
20393
5067
649
4687
26280
22417
4140
1226
19023
21392
7823
27837
2662
6082
32726
3466
28497
21318
19895
25828
24458
29699
6794
26514
14671
27021
14496
31599
29848
3916
3030
21174
8524
475
6506
3196
5556
25518
18957
15998
24880
21752
4665
19485
22313
8907
29892
11943
17990
29057
5046
4824
12259
26204
17240
28577
5055
5225
21389
31271
9204
12458
869
6927
29997
20851
21232
18681
32531
15637
10064
27722
264
3002
29970
12335
7960
8336
25791
25823
19244
15914
9645
22304
20097
14883
25371
16652
1881
5124
3965
14357
12017
29543
31253
15431
15282
20829
25283
19661
13227
20750
30
9655
831
2975
11203
2810
11291
21337
10478
17592
24684
12807
14663
12482
24142
9887
29694
3420
8071
26149
4889
24896
12661
9165
11021
9445
18757
9312
140
4352
26726
8416
28831
13900
9533
15471
7924
17030
27675
4461
24185
5820
19564
6625
2090
4808
9777
30490
13350
14872
19376
23702
2313
5552
27497
8738
5494
30577
22093
16707
26611
667
30251
16853
22778
7569
2155
23026
15180
12508
28926
17685
26249
22387
14741
5759
20478
2500
