7594
16192
21520
9500
20212
22568
20292
31989
6467
30949
3659
31587
3505
26045
7588
12026
9288
2844
31320
6571
11276
15752
8740
4177
31804
13783
28378
14470
19158
7584
16645
6331
19545
16367
15820
28296
206
12861
9241
16192
21001
2463
31994
22217
26413
28733
11079
10410
20846
12038
7813
18278
30235
32674
11530
26121
23003
15016
22882
6144
12599
13842
1778
17197
23128
26606
25051
30779
9234
8534
32289
9519
1570
30113
29197
22080
11956
8667
28623
30953
2345
2163
8808
21820
8726
5428
20935
12665
3216
7542
4658
21471
11431
4246
744
22210
2864
3235
24581
734
5832
11098
27557
9195
30229
6997
29260
2930
20303
22911
28294
13790
10495
7883
4042
17878
18439
22054
10404
18890
12003
11946
18452
32716
8750
7700
561
2978
22120
26488
11281
21273
10998
31283
3821
29852
5738
15650
22145
3076
10245
6673
16050
14770
17018
23926
17523
8155
29685
15968
24041
18980
3932
8874
32205
13167
27349
29556
26131
24052
26504
5587
3529
12691
9894
23496
7745
5224
4010
367
19314
29089
3039
2681
2972
8844
6946
5084
29227
28148
9705
28105
12766
4526
12420
4575
2600
2671
21411
18846
9175
3553
7705
6430
8435
27381
17375
16897
25577
17530
15964
29350
20968
23023
16867
30111
5260
21141
11390
30054
7866
16073
20970
10315
30923
17297
18658
30897
6124
9333
7585
32122
17604
8080
3490
22208
21848
20454
12458
17094
15916
2552
13064
32558
16043
26262
1307
19052
11465
28661
9238
6522
9191
9473
24576
21965
6903
18164
17151
14217
9696
9512
32213
4081
26148
23337
32171
6177
28352
13583
3854
6143
8020
11787
12855
31087
14979
15679
1167
7110
15261
25811
25458
31618
12155
14149
11315
568
5291
18176
15713
4813
1742
13361
7497
9705
14653
19670
27068
2729
1267
29463
29971
8084
3495
15834
13423
6097
16952
1938
25414
8343
15438
24407
27
31460
17215
4156
1676
23922
30255
13021
2706
13031
24956
32055
6405
2123
857
17597
350
16320
952
26280
27841
23405
9070
2702
26171
29884
9873
29494
14408
13253
15909
20907
17304
23306
13560
20111
13074
15204
25547
15794
12570
9277
12466
12259
527
9216
7614
22278
10264
11470
10968
28775
29729
29043
3824
10574
10272
3736
3160
12756
3741
21561
25706
29172
11121
17242
11889
5349
27086
5110
5575
24231
27519
22329
17210
32733
23921
2543
30132
23514
30067
11067
3612
29950
32058
11148
4727
29507
3752
18381
27731
30995
25934
9436
26213
14941
26927
16190
11633
2535
22214
785
22634
20710
10315
8257
15323
9420
9267
28415
3205
28513
13558
30831
5449
23829
28180
30625
1097
1428
25178
26307
4939
668
12129
27797
3934
26891
25177
15901
959
22589
6660
18587
3069
5012
2565
14271
4444
23128
17243
11290
30583
29122
26153
13779
31786
5459
8376
26523
20143
16746
8126
5602
8711
3094
21473
5707
16028
41
12407
4958
22308
11918
18320
18558
9416
27100
26422
14874
3718
24618
7155
15911
24532
1830
15508
26829
21126
3681
25389
12640
28657
19437
30557
25491
3409
22314
11731
12520
26472
17885
8465
30315
8552
16258
26480
2720
11027
23268
19045
10170
21025
31210
770
17933
738
6068
8128
31430
31780
15590
30587
11994
31319
3652
19902
16956
7663
10624
3137
28499
4362
17487
13744
683
12371
16834
30126
15083
15142
12756
29210
25863
20213
28480
16785
2230
12778
20373
11060
14631
12493
6539
5035
24047
5161
13720
15210
2119
28842
19647
12850
10356
22218
18857
9179
14214
9644
28662
25170
10565
1352
32213
20702
14953
19401
3026
5287
28425
21043
7920
11896
21846
31817
8440
25028
24713
30638
13072
3303
28698
30282
3727
22191
22323
26607
26640
21787
30820
30525
2246
4450
18840
19907
4623
3383
21576
25446
8011
11596
1518
23815
14830
11541
25789
15968
21460
32718
31887
29487
15317
17087
6175
29591
16538
9407
6776
1987
30126
26359
3245
28364
20184
23272
13259
27869
1449
432
17164
1173
32081
12424
32333
24492
6327
24210
24770
10970
14024
32722
7145
26868
18702
4473
700
345
14469
15210
13611
3468
3243
10999
8137
10786
2263
2795
9158
20191
13259
15566
31517
29212
32140
14180
11534
31595
30578
11895
9935
18814
21115
26582
19583
20293
6116
24990
5723
3159
20475
11704
3636
25747
2863
9891
16673
6919
361
24948
31089
29713
15263
283
21731
17091
31654
20199
2842
25996
22087
15437
30795
30229
13206
12773
16441
12394
10623
20405
7523
21850
25762
690
12411
3104
4961
4996
25627
1859
1846
4746
14516
28858
74
17694
3271
24916
22340
30746
13655
26455
31071
23450
31390
24679
27328
19460
19711
10922
17158
11334
17980
28970
22562
13663
19177
6011
2921
24353
24608
2205
27879
17973
2423
27939
10487
13151
17199
3221
29713
10243
27822
24084
26850
5097
14127
3132
3234
6205
27833
28751
28066
31706
9037
18575
4132
13512
12388
11755
7536
11010
28825
3294
2340
6269
14242
9621
8396
10855
31876
22352
14770
18348
5639
15114
28920
8383
7016
20828
12771
27799
15695
18335
30330
30456
11008
6225
30288
25587
22485
2745
14238
19632
13548
21966
13972
6507
13085
27222
5873
15549
8495
10315
5074
13341
14923
898
8647
29094
30896
23439
30508
4891
169
2787
28343
2600
14268
28983
30797
6634
23589
32046
3098
19890
12419
31029
21472
19718
4048
8110
32399
12521
32150
14927
29207
15965
1632
20676
20346
10789
1135
10908
32037
18895
7343
10338
11136
22002
2026
14346
1988
8629
31802
26768
4365
27536
19140
24795
17328
11095
1443
15847
3790
372
16931
7203
18473
11123
19248
20504
4663
8645
22542
4684
26741
17085
6986
8806
17918
11999
15856
9618
6748
14938
6910
17447
158
6099
20249
19080
27818
8292
28799
20808
17109
23781
829
12433
3505
13418
32162
17094
17958
25612
28915
14951
25029
9197
10848
3893
7000
7542
24631
18071
10686
5859
16216
6973
22774
30722
27881
18435
14713
3127
20554
31256
22989
9668
14667
11871
15959
1607
13981
32277
2929
12420
12423
7861
5564
1893
7130
6424
19639
24127
22823
31713
13201
24151
5167
3352
23612
26021
14235
16149
6339
17112
18670
27808
22237
29338
16567
8278
22978
16916
13067
27471
17981
31413
23602
3837
13571
31535
26017
32343
16195
25027
30504
31287
14718
11199
26733
19713
4249
28229
9881
27014
32049
3149
8785
28968
302
3565
23016
25918
25499
31961
21459
1978
7861
27174
7517
12041
29761
339
8604
4410
7203
19593
27811
19043
16685
3618
12025
8768
16437
21353
5450
21790
23914
9376
18525
25591
25576
30280
10566
12255
25481
16284
7645
25758
254
23135
366
30367
3103
4055
3506
14345
20608
30490
20478
18731
21573
2184
32443
26653
31031
2713
17174
25508
13335
15321
19192
13655
20018
24112
14137
1792
25909
1895
14865
10053
7491
23272
31183
12680
14661
4293
3021
27915
3457
28156
7075
10072
111
4602
4763
3552
3527
15709
21349
19170
32735
30206
24076
27022
21300
11311
28713
17771
30790
17729
30039
2294
26538
12106
23526
32652
15450
25124
8660
16009
18511
29113
11768
27058
22354
5502
18817
5840
5135
18750
19871
5278
17259
27417
22912
6373
18967
31436
9342
6630
12389
24115
16535
22264
6235
20236
24861
21618
23047
22013
31150
20171
14865
30425
18791
26880
28311
29215
9813
6710
26164
16323
7468
7841
1378
10033
14652
28580
19971
6288
2208
1850
9530
11075
12473
29332
11135
26038
9947
30724
23283
12887
24901
21529
24560
9698
5207
21004
24549
31458
20479
17242
8801
26229
4469
6835
20589
10831
7464
11795
15903
2049
13560
25647
29292
31099
32421
20754
24894
21200
11911
1544
3014
12602
19072
6331
31508
23390
6448
9628
18661
30417
4455
20868
10940
14042
24032
3739
13108
26746
18732
10362
15764
32681
9708
23436
14244
2531
1859
31674
15807
10723
23947
28231
15658
175
19271
31480
4260
10196
18009
14457
19262
8435
22902
6140
9581
24188
6614
21539
16478
18874
9520
18208
13193
27152
15333
27675
6281
4482
19324
4051
2347
12918
32078
29833
17349
17084
7554
27930
27081
20429
28220
13163
3225
10320
15122
32265
31901
16099
16576
6417
3732
10775
15644
1614
19239
26044
15180
26786
15556
14688
28726
16039
20393
26642
15160
12437
30783
3436
7961
30055
5034
19408
18240
4921
13982
12273
27940
32501
24180
28053
12804
24366
14461
22938
16600
30284
29590
17719
19591
30698
20476
7813
15962
19836
24930
31294
10417
3637
14145
27332
20981
11816
24432
18533
27597
10413
30452
20189
19093
10758
15641
13340
12556
31810
23746
7242
1100
15202
24573
3849
31744
5307
474
20986
8913
5531
21118
19586
15137
19759
24947
22734
23548
17828
25154
9748
23115
6285
32580
4124
21067
8837
20149
4096
25918
6677
7690
10800
32609
3544
1924
32184
14877
3548
1542
22726
11905
1100
31524
30310
19440
332
23420
18833
1815
32293
30025
31078
29986
23458
1333
29367
10032
8122
3439
12999
23044
13934
8958
12114
19965
14837
9557
32718
23368
1559
5159
11249
5716
6871
30588
17267
6278
4692
3589
8981
16687
11761
13740
2786
699
16052
17008
27061
4139
27884
14192
507
32453
8983
5701
19386
12297
8194
14485
14291
6120
29746
26597
14468
13105
28291
10159
13104
16972
15375
26037
16227
7210
16209
1172
22289
11644
25227
29852
23582
30755
26980
20191
5923
9960
1494
9864
4976
2414
13383
1135
31821
3172
8950
16618
24454
511
10393
12261
31014
20136
3653
21301
27778
19954
12429
1833
3705
974
15342
23906
9467
28162
2155
6629
16328
2519
22644
1647
3706
25106
32524
4105
22470
14630
12587
25307
30207
9128
1633
30789
31963
9987
27837
19244
27770
12397
5101
9874
5540
30746
5030
17002
4947
9391
20807
8874
32113
17145
26809
27809
14562
26079
7321
9867
2245
661
4505
5475
17655
23827
22819
11512
23001
6342
3904
17987
30036
16773
4025
4088
1306
24774
1660
27995
27182
29458
24384
14165
1446
20918
22636
5063
688
25788
15669
22302
467
12569
2823
9256
2423
5928
1575
15910
24488
21847
406
16674
12567
8993
24120
13442
10593
30780
1333
11230
24724
21523
24992
27151
16880
6518
7511
14984
20458
21136
9514
29930
26999
28954
14399
24274
29830
24271
1716
24565
4558
29216
9095
15472
15819
6952
19891
18777
771
23778
21660
20378
8590
26266
7085
4351
20437
24993
320
9101
30874
18245
11454
5910
6713
21248
2055
6410
11053
25840
26644
2704
10197
26759
10459
15573
11640
4996
16498
18340
18056
4386
3448
11832
19491
28047
25777
17998
223
21919
8688
5502
18631
32450
16442
6346
8865
19252
15656
10872
18035
32371
19341
31261
3397
5622
6489
19195
1575
6684
11453
27788
23670
31587
7312
8543
29532
20442
10226
26659
23190
1241
28975
23298
122
22767
24550
6448
17720
12828
28266
28355
21344
9280
26216
11973
24996
15316
20682
29575
16864
24792
7388
14649
24919
26124
17069
1720
7743
6243
25785
6311
5761
25269
13508
17089
21434
22964
8201
31597
30853
17441
1684
17811
21244
29504
493
27823
30844
32649
32502
18212
20137
15776
12054
29394
9650
32647
5271
16362
18391
30227
11853
15873
8744
18076
1657
8036
27279
10489
10476
26284
26384
8619
17520
4754
14928
11353
31587
15364
22868
27261
10149
23160
3724
10844
5557
8832
11792
23099
31510
12958
24361
15312
11256
602
7955
27639
21524
18323
24833
4774
14040
17939
28514
20259
15044
15718
29283
13428
17428
26859
16309
27160
8863
17963
22416
17652
5887
5482
13048
27792
13042
18556
18239
24707
6400
21466
25291
29228
24414
5621
18201
1699
6675
18634
9218
13551
20569
12727
22589
5242
24902
909
6950
20418
7083
9958
29629
20304
3389
23737
8434
4334
19698
28459
22304
32533
17582
25768
30423
23717
15903
26931
8414
6360
14053
25082
19320
8057
16375
24366
15591
31057
27714
24593
3887
20707
4755
7505
8476
12121
26294
19860
6278
1469
11744
6228
22996
22124
4682
10989
6335
4808
23071
9204
26201
302
1432
18635
24653
16168
6245
14706
25960
13283
4688
5792
29528
1763
23325
19987
4532
28405
9652
292
28221
28005
3714
14750
3684
18802
31004
24784
14860
24575
28965
11489
912
7051
4723
30820
4360
10339
15469
14380
2760
14614
5303
866
21290
28458
7442
25044
27534
15373
24701
21648
10910
20046
31648
19634
10199
24333
1131
1146
69
29617
5371
28322
22669
26585
32189
12270
16433
21396
25301
22276
23056
8660
18625
18046
28204
27424
21561
1342
18608
26762
16730
26881
2610
4833
22020
20279
19765
16935
21377
22547
17650
24901
11111
22494
14680
2558
31679
29328
1105
7458
5734
5537
29767
11012
6068
17437
14311
16429
20572
26871
14116
27218
1683
9119
32127
2436
21109
17110
6534
16807
6564
25026
5531
8229
28210
23357
28151
18916
21697
1907
10223
17781
13800
30636
28277
13710
32473
9318
22497
6074
13633
16807
14578
23375
624
11665
10511
25760
31162
11575
7123
20597
7709
27567
13257
3000
27428
28521
12916
4977
25866
31166
10643
28917
29731
1228
20898
18009
3960
21378
10660
32557
31409
18423
17440
31079
6969
29696
25962
15006
10396
6145
22307
1401
15412
1027
5379
25446
1028
3847
14038
30351
7396
6298
15301
10250
22495
18602
6871
1615
28377
408
15544
26608
27764
14478
17080
9860
19253
10259
16150
1508
4067
4317
17023
7067
25392
31974
25298
19095
28316
14530
7974
10021
149
30511
17678
22300
15331
21230
15132
16983
22083
8913
21667
10089
10834
21526
4801
26765
8365
16115
30365
9436
13399
10610
18670
29123
5723
27775
31421
18611
13490
28479
875
32026
10342
27812
24565
20115
20216
14143
6007
27481
4864
28501
26863
30466
10259
24372
1604
26986
15849
29127
135
23021
28351
30569
18808
2777
27899
11511
28236
18722
13327
14633
28589
29784
16543
5154
23299
17111
5094
3397
2290
5694
1622
25419
9507
29730
11646
8850
25416
30467
22833
15800
1370
19326
27621
5225
5925
3525
4697
23669
775
6989
7803
8486
25589
11462
2440
19664
14526
19536
24949
28841
23700
31724
9614
16091
26824
8240
22109
27352
25557
832
15565
25582
24992
1017
11407
7707
30974
17775
17853
23842
12919
29338
31165
13790
21578
27212
22377
14807
12208
26470
25196
275
21349
31052
31215
1583
18277
24726
4726
2222
13811
9225
18180
27024
9696
29125
1414
13862
10762
8383
23150
21798
10787
26226
8095
2555
10420
5330
4745
16990
10849
29826
5525
25130
8814
3910
8387
364
2178
32443
9617
20666
31659
4934
27168
6087
5795
26442
8082
564
22866
12958
14262
11944
19347
29246
15847
13346
15675
14400
14129
4494
18264
14346
19894
15255
29366
25283
19280
15549
10152
10247
10104
7079
19204
11999
11367
31674
11376
6896
30586
11242
10716
12786
22747
6096
11344
30052
22110
20221
25064
1150
21929
5775
22813
23144
12696
14594
24901
15529
16096
2120
21597
28130
1010
17947
11783
30908
10274
26258
5071
10015
24072
24818
12978
31141
19750
711
5601
13134
16076
31028
23234
19829
4665
1160
26168
26626
15363
2577
32548
2530
21689
30773
29228
17844
31430
12478
8891
5829
2968
28022
11592
2623
30722
21236
32476
2205
14303
9653
1486
21346
8441
21871
24529
2827
9513
21153
10546
20802
15295
25199
20826
23380
31267
25773
6298
2277
8125
16442
6952
21219
6419
27023
3428
9912
15921
14231
3424
452
20558
31426
11680
24842
31404
2645
7454
22825
23232
15364
4241
27279
21395
31170
20719
26089
12392
27096
4913
29917
23199
23860
32086
6908
9945
30724
31914
17138
32093
18564
20808
11264
25019
16404
29406
19373
7599
17038
12976
30648
4935
16342
16096
27728
31304
2995
27372
647
3279
26589
24952
11013
26420
29783
9038
249
7987
31230
30627
2390
22094
17251
12700
29243
19309
30678
28432
26290
12232
11459
13456
19102
17158
8514
2724
29423
31398
22505
88
11800
14495
740
14071
12483
21827
30280
23319
15043
105
5285
11989
2122
15819
27099
2402
25436
173
26670
28607
27011
10944
31644
10948
22981
29253
26477
32359
32467
29557
8717
26171
2435
28961
8983
31543
28544
2198
22450
26297
8768
23747
12576
1738
12855
31902
404
10148
12875
2243
6980
30322
28551
23646
26048
4438
20755
15692
23938
22704
29796
22397
12742
26014
22960
1949
29852
18879
13477
14579
4411
31805
13658
23177
31896
6154
23942
12173
21559
20329
13808
32503
24385
14513
30758
26220
9688
22605
114
21602
4775
3080
7178
28038
21181
15240
1927
24922
26523
29207
12696
29219
8075
17834
5624
13314
26676
12059
17565
18273
12140
14266
26931
4752
17997
8196
26312
16048
31371
25522
23497
31697
23044
16118
8749
20567
21657
6401
8176
30626
12349
30664
31683
5102
843
24840
2562
14199
10525
19591
1510
2273
25818
2974
27388
1752
9871
18932
725
12020
9858
2956
31487
3039
19139
19458
5941
28345
2819
8977
21459
22459
18089
4697
3213
21019
16675
24671
31583
18224
14458
9430
9159
3287
18986
27165
32307
13077
6704
2056
30645
21758
28772
7139
6654
28885
16393
16820
28554
2932
19875
29377
30744
8942
26376
11602
16733
13428
25018
18872
30713
22901
21364
8334
1194
16393
14595
26175
2496
656
32599
24521
21713
8854
8922
21696
6317
11003
22785
25237
916
15696
30752
5400
1447
3715
4482
26684
23453
5823
29113
5914
12727
30862
31539
23609
29430
25409
3854
1805
6283
29841
30765
2749
3471
23942
3212
27178
31476
20120
30928
9516
4028
28437
27171
2846
6504
25538
2622
5790
180
10437
455
13966
32385
17090
29918
10334
7443
2885
11763
18318
22908
7264
27354
30318
31064
8085
33
1065
26811
1013
18081
13313
13416
24458
1875
18908
29764
32755
22885
16384
14858
28238
9869
2587
22591
27227
18846
2438
5481
8413
31577
5834
8060
8516
389
17508
21397
22154
21570
16069
11754
1883
11674
28061
30209
8568
14169
14937
31521
21597
19230
8170
29959
16162
30899
26569
23769
13727
18074
14392
21088
24787
24808
22474
24945
16007
10839
18981
15276
17454
25494
10759
14954
10512
23779
25735
15600
7079
26076
14750
14057
26185
28562
9701
787
18184
5344
6560
20024
32471
31995
8444
11872
23534
19529
24981
14917
17263
6007
4411
13575
32329
3270
18934
8737
19804
18341
24391
21916
2271
645
6321
21634
20223
6889
30072
6550
1481
7100
23977
4674
13386
16872
25690
26577
30453
12068
32563
26846
4933
16141
22318
9996
28323
12921
5786
7416
27785
9480
22630
28780
30696
252
7324
9430
15303
25930
26156
20984
20269
12784
26091
13024
22594
11914
22235
8475
27313
32544
28589
20518
9552
23363
3460
23845
21251
15192
31740
1751
4830
28723
32363
8650
19337
22760
32359
7371
28137
10973
904
10657
19196
36
22638
24059
261
8200
262
24742
17386
13798
26122
30467
1242
27199
22983
1721
15666
4618
23075
24487
24738
26703
13278
25117
14988
1521
27416
21835
15020
3020
3348
505
29950
13055
20283
25977
22748
14219
8036
4314
25447
20766
2386
2143
20777
11817
5502
14127
4857
9528
1303
19278
2590
4227
3912
3532
20407
1984
953
2877
2906
27708
30296
8297
7419
31530
22617
16196
7695
23099
8827
32
32242
21103
29838
21281
15750
11562
20018
26097
3614
26506
17633
4534
22426
12280
23344
25921
27091
25085
23889
8072
23865
29783
26333
11863
26298
3405
30160
1346
8934
12607
11990
24798
7249
16257
14021
18993
4409
12650
17770
28262
15465
20391
21896
7877
9565
20949
5662
3299
15271
7248
233
5910
16786
4165
14890
14636
18948
8719
7593
30045
19881
10688
7418
18813
6989
8701
21247
1143
10122
18704
28846
4086
32676
22584
26388
613
25521
17731
29338
3354
19453
16991
27528
6862
23980
28718
32711
12881
4769
30232
14827
29051
6303
29925
31089
13414
11182
1931
16452
15578
28609
17988
31110
28169
3477
32740
7566
28797
5852
7530
22317
21070
30107
25557
3638
30616
27345
2105
31549
28460
24665
18961
10398
32646
4625
2007
1218
0
21052
466
27037
21061
27941
16176
15739
4103
28678
18772
4349
16629
22311
12657
24158
11495
26442
5208
19963
7772
13895
4238
9235
10535
9972
25250
15307
18789
23623
7101
13173
28338
26559
9851
11793
18333
14079
3577
19988
24921
1213
15152
19817
28597
20698
7297
22198
20813
9170
27536
992
9218
8535
1366
9681
32169
11833
2162
14713
7424
11657
11712
11794
9958
6398
3885
24745
17355
30871
20682
28890
12645
32130
24607
21211
7332
17469
15809
17084
22505
507
1319
31980
16755
8521
9913
24576
28185
4593
2090
23472
27711
20511
32520
20770
13059
26306
22929
18540
4535
28981
27081
8020
13204
24607
18121
5465
2988
1432
14426
22776
15649
11405
194
31272
21397
16229
30942
26151
24545
16868
12913
20600
19722
8784
5308
11565
369
9683
10063
8290
8265
29729
32542
1802
32590
1626
471
31982
9396
32050
29555
1010
24926
8783
524
12442
23377
6387
17390
32718
7272
474
23536
14810
31049
5734
14341
1721
25751
32505
7694
6035
618
26786
31474
2436
4092
7677
10225
26015
29605
10068
6709
25139
2313
13834
12458
18764
32144
24378
5136
10365
20758
27035
23887
11741
20196
12967
30218
22096
4831
28412
26486
20744
28416
18946
2925
15435
17668
10446
21438
8054
10341
5190
7112
17986
23688
3718
14407
24902
824
22403
14701
4029
3923
25838
4917
13962
20419
4444
8180
18553
9904
18083
12592
25544
16628
10119
8886
26854
25040
31894
9191
28282
5853
26704
11091
13991
26693
9867
18569
2446
22834
23318
18476
6421
19591
13213
24138
20967
8655
24780
19178
15805
7794
10935
11492
23259
30511
9338
30454
3293
3526
17180
15123
2739
14069
23482
16382
28139
7334
19681
5400
18222
4199
22331
6263
23566
25114
26990
9015
29183
3822
25409
20501
19106
23694
5121
4153
13642
13464
30755
596
22969
21584
31274
16363
8234
9366
15051
5363
23189
19989
9295
21917
4910
23998
19770
18035
9262
3445
28202
19108
31959
1289
28417
19612
14258
10090
20294
5336
26140
16406
28105
761
13568
9429
29574
23831
20198
8102
26060
10583
7981
13561
9119
17856
23188
6686
21082
12874
28928
28670
32153
16696
19577
5641
28245
8616
373
10607
32081
30825
21593
1171
25781
31500
14397
21181
21753
16702
10991
3086
20741
16469
4667
28090
5527
9512
32362
17009
4068
36
30217
3870
10114
30620
12012
30676
24453
29793
22642
28933
4841
31891
23305
4342
20528
12470
12533
5487
6219
7944
15438
29111
1214
24850
15944
30912
6400
14206
21432
30622
17184
6184
6867
21565
20398
25208
26168
1108
21721
11758
8497
28821
22741
26366
18741
6183
14208
11807
8370
2133
2884
11551
32522
31880
7487
22201
25051
14962
8353
17513
9092
32397
15702
9855
31461
3268
11750
31347
10342
14703
29849
31608
29754
32389
27614
339
25061
28941
13805
16750
15611
10966
20396
9768
25387
31848
19151
12400
28541
31546
29508
6034
10968
16422
25550
6992
26055
27161
19952
15413
8060
14607
30988
20006
7702
21823
15564
6458
23583
5778
31425
31948
28505
24666
23370
18638
19642
25921
20920
16735
3509
26495
11183
160
6843
18769
12239
10948
24322
422
3988
10343
27013
18715
12411
23329
8012
4905
4199
90
25325
10141
18754
13920
21843
28745
30695
22454
5054
20218
2624
8368
5899
4010
14507
21308
6198
19190
11939
19715
7709
19666
9884
17329
6278
21371
32046
7056
11364
15021
32630
3164
5462
26391
30906
2131
16497
1548
17227
6539
1087
30075
24752
10632
6663
26657
23808
26382
15439
6653
400
15924
3744
10500
6862
5818
12937
26135
21869
19612
11750
12850
30403
5863
1635
15334
29807
20684
13883
12553
12094
22771
24134
14508
21840
31506
22834
18765
12150
6077
5136
12110
24031
32384
20499
22438
18420
11819
12693
13015
17280
28525
16475
17440
14100
32164
15642
12531
15274
12788
28730
25769
392
25750
21977
7285
31847
30835
19219
28566
6869
17650
8321
10193
3288
21006
13823
32287
24020
6827
947
4003
26030
18730
13387
7902
21810
8763
13445
29990
25010
4594
23541
30804
21488
3870
4867
18622
32319
18646
6707
31589
24036
21076
22185
17519
27586
16647
18412
9687
24631
28899
2794
30307
28225
25340
3644
21718
14821
27219
23468
23399
3537
6895
6900
10099
5184
12080
12745
2415
5918
22369
9496
28960
2924
10124
8080
27150
27623
6034
16736
15414
9956
18810
7490
1279
9087
2570
1720
23663
8692
16276
5525
23199
31565
15123
704
4460
1086
8055
16949
20080
5965
21308
32332
14641
2613
12353
22590
8599
4749
26072
4581
4772
23973
16665
1219
32095
24497
20349
2630
4113
7721
4008
14666
3508
31087
9349
7392
14761
14771
16024
18510
11177
25364
12176
27735
8190
5383
23580
20924
6131
30973
0
23810
24201
1088
30824
32630
17771
4382
2172
14703
11812
4938
19508
4563
13200
27519
19822
9948
1936
7782
28478
15388
22786
29370
9093
27071
22001
15018
7877
20753
7688
19583
32307
31296
14669
28286
5134
16226
26380
14864
20016
26809
22800
14880
27363
24118
12057
18629
28661
4669
18059
28705
6159
2472
12900
21129
10818
9486
28528
24037
28643
3909
10432
20058
15513
29989
8280
17447
15540
27279
4136
28877
32192
8366
5950
8051
25946
20861
1849
7304
2627
1162
9729
16554
9139
4345
14261
8903
752
203
25829
13698
19230
14689
20738
21464
23385
3387
29970
259
7937
6918
4776
24478
14421
7638
21268
9227
14660
4784
26327
1554
24191
22347
14682
30154
211
9751
3295
6077
12470
4991
4791
19527
12320
28779
21429
17983
16028
13834
31972
29913
27550
24270
25717
17611
25367
20664
23291
31919
26695
15573
7387
14505
29394
6153
30717
18761
8727
4363
31176
31155
31421
10161
14670
253
8846
18798
4547
8920
3721
5913
24884
17267
22322
14319
8053
29340
10029
24028
24924
12841
30731
24310
7212
31638
4452
2122
15700
18671
32294
3548
27226
9456
27692
15337
32018
1644
10771
19823
4115
31467
14153
3056
12139
25751
6758
7282
402
20313
29120
7626
31901
8511
29241
31770
31668
10785
18524
7577
18630
22148
4009
19602
28283
2494
21548
688
26219
25435
21077
31096
30605
29632
26883
9239
22770
9230
29154
30302
27827
21833
29687
7435
10024
31418
25721
2890
30298
13201
27107
379
15803
10191
21831
28982
14869
11363
17893
25228
25025
29331
11004
16016
5401
18078
6112
8983
13103
8608
7757
9147
26304
4789
8955
7206
16227
17249
24690
30605
27398
6960
3104
4474
9115
18073
20905
5071
9487
9512
6270
30216
16252
25309
18353
448
22943
16591
31752
118
30604
20756
25680
30354
6560
10725
14323
4003
1976
21502
31693
8171
23712
30788
2364
24349
26063
4266
2934
16485
11089
8277
26400
2985
13316
14079
16412
7183
23047
17305
4514
26559
17264
31284
3218
13546
21309
20769
12296
8203
9870
22871
20529
22380
29201
30230
32606
12268
21437
14282
3415
30465
27843
24114
4338
9721
22465
17857
12260
23173
20281
17477
6358
14455
6211
14534
25532
6347
1406
21169
19554
10724
9804
21558
31559
25881
30271
21486
20655
32112
8398
16833
26100
11177
11597
13063
14621
31615
10012
14829
14001
32298
5662
19482
5582
1576
23404
31891
14965
20541
17995
3292
4648
15801
30044
6497
7863
1017
22547
25876
9047
30000
25706
2134
10228
18024
21719
1819
18120
30403
635
4681
30765
15367
12188
30818
20655
6233
22101
2403
25958
32073
20364
29164
19075
8207
26149
20896
24616
25364
10869
4303
24957
30901
6650
14675
27136
9027
28489
22199
25884
13902
11847
8607
7166
15651
16540
31331
21924
27283
13925
30462
15670
13814
32553
2087
666
18800
12047
31165
26947
9587
9294
21096
14665
7557
8420
22142
18111
4676
11403
12835
833
3239
21225
3765
19916
7814
4615
5991
29906
11357
3332
12587
7822
1101
22283
27094
2966
26211
27266
25214
26543
25117
8324
14631
7396
11562
15506
13727
23770
22386
24709
15783
21598
86
31943
21587
15680
28985
4291
10420
16996
16703
20378
30644
27158
26196
32024
17728
31390
22385
5862
12461
3348
9242
7681
26708
17014
9516
5226
128
20216
10965
800
12683
20379
19428
7243
16707
7681
14915
19898
7058
5760
16577
22415
24159
1141
19989
15161
23727
10459
12576
5795
23824
3868
27251
16299
5943
9254
14097
13270
13544
17346
14454
12354
23062
12321
24024
1500
30796
10168
29356
32210
29003
3407
30316
25164
19701
22100
8600
32599
1641
13172
15355
12321
13424
10093
10287
19564
4376
29
18531
2621
9374
26079
8284
10196
6033
29976
22714
29153
28725
5645
1917
31221
16166
1784
25031
4407
32573
19546
15075
23384
11447
31634
29831
3529
22420
5039
17494
12075
13630
22659
29353
27399
30059
25592
30351
19903
24132
25000
4883
31940
29639
10407
22973
16138
11882
10147
13915
27065
1281
22320
26624
1318
19937
9821
2894
15873
15174
5515
6641
30416
30450
29567
876
3483
8471
28853
17176
10729
13943
31991
5993
9964
8650
9007
15988
28153
31840
22394
23470
21819
16903
27517
27383
22183
31791
7420
25815
13106
10316
29352
30727
22082
23932
23353
31795
3427
30058
17085
510
26684
15474
4656
9287
21697
27910
19788
32426
19370
31312
17058
27978
8483
28184
490
31182
19909
24041
3224
6570
17349
15215
29872
8608
9323
1060
24026
4742
27078
5164
5305
9033
22687
8316
12409
11314
20139
7234
29351
22376
16644
3457
22854
15031
32474
5372
5919
16015
3174
11606
26200
30288
10784
25975
26952
19908
23602
6706
3466
12269
1580
29476
9552
2818
28409
9951
11002
21940
16658
19016
25320
31157
23281
12093
20364
18299
969
5755
11203
22338
22644
14527
24421
31568
1197
27436
8730
10108
7295
25325
16496
29169
10749
23579
14123
4400
17204
10209
6365
31572
15454
26078
29110
2714
19033
27850
7580
19232
10583
9821
17534
21997
7126
25196
28902
23858
21971
25942
29902
19919
10298
13726
4277
10777
162
27865
4338
475
4407
4043
21831
11163
13559
12749
30393
8990
25634
26481
32671
12590
19691
19561
27130
16538
25716
8357
22532
1151
1017
16572
15116
21446
26188
32141
23680
24046
6529
5926
32076
7435
14570
24293
32610
10511
838
17628
19866
20553
8501
21626
30141
6443
12271
25704
10460
4432
25654
32178
5607
3518
22921
15911
21115
16488
24987
14850
17914
18167
26627
8394
19169
5833
15925
10614
31318
27194
25521
2517
22017
4899
7802
32045
17437
22177
30666
7715
4559
13848
28932
6106
28598
18807
1258
29279
7363
3773
18704
32325
13131
21180
17296
9100
19546
5916
18688
6088
27979
6564
30369
16254
29589
24757
7385
16082
29416
28951
11748
32095
14713
4345
1222
8551
28314
15410
6276
17964
32653
11725
28563
29085
20122
8901
26513
3381
22623
14861
9523
26145
17256
5587
16511
30881
3583
8710
315
2736
20037
9238
16293
23015
14466
30715
15716
24735
24506
7800
2751
30294
25729
161
19469
20308
1551
3227
29548
8077
18839
4003
17078
25802
11221
29009
10673
7172
4327
13342
21638
26128
26205
24357
32373
24450
11155
13606
23750
12235
21567
23760
13827
5028
14662
24128
31076
26288
3028
6597
27275
28764
32427
7142
13681
30731
6587
29350
32417
25712
27635
26630
17316
27194
3928
17868
8124
3575
13140
1667
18645
32050
8528
6083
22712
735
28549
4530
13954
6906
22030
1995
13396
26986
23106
22238
13645
6187
17474
5208
28597
24748
4814
709
8059
17526
24925
12179
15586
14607
29804
7705
2935
19230
24598
9176
5446
31951
31973
23040
26189
25465
7912
18486
7217
18559
17157
11412
7728
20852
9873
1265
4439
29570
32030
15715
23797
13836
14484
10243
21327
2194
6020
8688
21141
12245
28088
2455
29205
3644
23311
27185
4015
19319
25736
140
20873
8034
9116
32015
28676
17452
32721
9977
23534
21432
9868
17641
5369
5187
13606
28323
17515
30792
18755
11281
28696
21920
27487
1416
22925
6126
1962
26957
23951
29242
26902
2648
26564
21468
27310
7255
20143
9372
21289
4342
11234
3095
3775
14942
1134
18533
15163
30459
21919
22520
14930
19075
23014
31431
15923
2100
6679
20140
1119
29277
7892
2827
12987
29471
22089
8117
2787
21109
539
15116
26562
3442
16794
31591
14688
13002
3134
20408
29434
26772
12369
19308
8024
32590
10729
29074
3931
13858
26137
15168
22230
5223
18024
23858
2974
31851
30850
4277
31461
23408
30254
25539
18627
6900
16768
21616
11798
14134
12624
15237
18572
7925
25067
19050
12542
16507
7687
8265
19456
26586
21501
14960
2230
21110
27442
17399
489
7107
3542
2211
13657
26448
15058
3851
17749
27653
13307
7673
30858
17577
7308
12563
27673
10662
23507
8379
11244
30737
6186
307
9545
10725
24105
32005
10151
9103
18458
11938
26561
31408
14765
15689
14570
6686
1006
16682
28832
26412
1395
13004
10339
19499
6874
27052
20936
19504
29555
28199
20681
1048
7737
8857
4191
15562
25351
1991
17747
29372
15368
8314
21328
30393
880
14445
2110
3041
10601
4713
8651
9969
1616
16815
20810
12996
7458
12950
12737
32282
25137
9845
25661
13977
23068
9923
18025
5393
9469
13181
30559
7940
18916
12488
7870
8550
22149
22488
10749
18593
10029
12048
29695
31196
27387
19819
2791
20861
14412
27930
2093
27372
17783
4463
12018
21914
6587
17401
17552
23363
19061
11505
22390
31600
6294
2772
26675
16447
597
19794
10448
20582
7457
22375
18019
25206
19418
11464
28897
30045
9536
3712
5428
29231
7852
19163
32141
6950
20222
17539
19452
27623
24022
29929
830
20230
29447
28134
4566
19661
14920
7843
4959
5945
20269
24502
15392
5958
9558
2701
8929
24428
16615
8208
23805
10090
21303
17026
8377
13634
4045
1704
25044
22405
19848
24622
7263
21712
18461
11590
16847
29847
5575
9618
31825
1313
9529
12356
15453
724
22488
25988
17550
17587
3111
16146
10161
21029
11394
15404
27932
17912
5648
31922
20289
25253
27635
6024
18562
15318
10945
12348
25159
6437
4152
4072
31310
30247
11053
17754
29251
17321
10182
4211
32145
20025
11241
7373
375
28137
22516
20384
15198
25423
16303
11495
8554
1488
28543
6078
12623
10015
20956
29199
8550
20480
2308
24429
10240
14930
4337
12096
19706
11340
15753
12835
31121
6407
26902
32394
14968
10812
26357
26792
26664
5968
3730
12688
10616
28045
29332
12698
1133
11699
6228
520
29011
25263
17300
27113
9228
5546
10862
4670
32681
17221
9610
17756
26679
13859
12436
15761
26331
27305
20205
18186
21538
24577
10401
14580
31890
31333
29594
2530
29573
23194
32019
879
2103
20154
26447
22820
4381
16439
28554
9884
376
17181
20528
6373
32043
10903
4941
18218
24265
18101
26948
32399
25587
12140
22469
1373
29665
16607
21753
6495
13374
11484
8959
11660
24633
17834
32668
10981
5593
26114
31790
14497
3472
6747
4578
20360
28692
28523
17959
7325
15978
2538
29539
30463
67
27545
2532
27921
11404
2435
23833
11481
65
6018
20738
19366
14210
11526
31717
12534
23784
10002
4163
10390
8985
27527
8970
24587
31898
29093
8716
21297
26085
13263
3760
27682
5564
28302
20711
23129
1980
20697
13922
25880
5429
404
29187
15622
4153
7766
12177
4381
5363
5999
4015
27331
1338
3370
8207
5431
25190
4687
9187
5167
31075
30700
16532
28096
5380
1621
25271
19325
10905
18282
28477
14051
13507
17944
5353
29941
12423
26403
21000
17699
28834
16162
604
1904
15132
2507
2393
3540
25888
9840
27796
7391
24843
15818
29304
24480
29379
29942
6458
21189
32330
20925
31248
27395
9363
13336
27806
31417
8852
2291
32433
6864
9884
6706
5168
6885
4071
8178
17232
15530
19568
30481
16646
16009
18694
8432
29122
31115
10146
28791
29274
5753
12280
2138
11588
7745
11852
3739
20489
27034
13447
14673
13558
13291
29066
6311
5397
21865
4802
16935
5724
26752
25596
16697
2595
24181
8571
28902
28636
18249
12360
8930
4094
20704
12490
14282
17218
16739
8086
3242
14866
28898
30856
25026
22590
1598
4115
7818
30962
31558
5845
5875
12005
11296
31599
13808
21714
30187
7827
12597
556
10402
3423
10814
14350
20547
13801
24724
23153
6449
18971
22860
18849
21463
17601
8144
12274
23439
17632
994
22446
25794
13129
30941
7507
30288
26223
31294
20987
4658
14454
6500
8732
20830
17292
6292
21617
30442
14460
14144
30008
15989
896
5001
16798
27075
13143
17666
26488
20903
22168
5303
27955
32294
17222
30318
22030
2521
31908
10028
22150
21651
11083
5371
11538
18756
23417
29675
29457
15133
30124
9303
31233
7669
9584
20073
2289
7660
8821
22240
3641
23118
4068
4369
6504
18362
26099
21036
12670
32131
6584
18881
23388
29270
30522
17283
25720
27677
25038
13899
17877
10020
28321
17504
13107
30842
3473
4341
10883
28571
13377
3827
6045
15179
16236
11513
24629
21957
32377
673
27659
15381
7504
25350
32099
13507
24685
30851
28085
27057
26418
19901
8869
22854
26754
26595
20277
25292
7563
22068
21818
29207
20195
23234
23309
3688
14295
4214
27010
20625
13312
12885
9758
1113
27415
26625
32132
31009
28425
15235
21041
17864
78
7239
873
973
27767
4968
24689
17843
15111
3375
23551
19626
7300
23510
5103
16747
20430
22417
311
29796
29103
16335
25629
26901
27314
16828
16552
12474
28473
18443
32596
22570
17866
30708
1545
27903
18346
32632
23886
24055
20397
6380
13755
15002
2892
26549
25004
5661
25080
4689
5949
4487
26286
15767
3698
20754
1996
19775
20405
24788
28963
3492
18054
19614
21581
10953
27758
28453
2880
6298
8244
15455
18724
20597
32084
2864
19810
2025
18349
8774
19710
17598
16250
3138
1574
29237
29059
30488
12811
23440
22421
8888
18671
12245
23855
8942
19583
29392
7294
30854
3172
32599
26507
17845
6421
32466
29108
8628
22767
31226
11609
20398
29575
26336
12759
23772
1855
22577
15802
27119
23831
12729
10542
9134
3782
1575
23735
12000
21258
528
8226
2924
25660
2102
21948
12991
13607
25353
30145
30062
26650
12142
24087
23580
15420
25792
19004
3999
25888
7700
1918
3166
153
2242
14698
9469
7888
7201
17030
6205
4243
32401
9539
15901
28656
15295
28973
4166
5891
12324
4197
4517
30988
19919
2385
22874
4548
7781
2194
17617
24306
9830
18230
5422
6201
3505
8495
31727
6452
12619
28676
23244
12741
604
32199
15074
20649
22138
9287
16145
15440
3370
27782
5539
19948
11940
17006
11566
25289
26583
4287
12475
30684
1965
22860
3879
9118
24976
7527
4554
25115
14637
10906
18007
26437
7032
8088
16387
27535
18672
15730
29674
9911
5412
22798
13486
27875
24438
214
4449
8688
2335
10925
7077
30471
3187
32295
22801
9841
6502
3833
25559
8620
23376
7086
32420
26046
19437
9372
8136
27081
14248
28439
14231
23520
22297
18660
13839
8217
8652
8176
5051
17891
15940
16962
25046
26522
13119
23087
9652
10329
15932
31437
862
17424
29499
20650
31613
26070
2500
19133
16505
14464
31530
20380
26337
25970
22033
21232
29966
30133
27438
24358
5635
18762
14158
26472
29592
6334
11930
30156
31704
13567
19737
2507
5543
31086
4214
15092
2216
9269
16132
29665
7261
2267
8191
22891
12944
20758
2325
12826
24818
16352
25892
25055
19971
10956
6214
19974
21809
7579
25867
15718
13892
23562
14085
2267
21497
13807
30346
12278
17901
24964
18869
9714
16829
20483
26286
27370
8044
12403
23339
17738
32005
5313
27959
12164
17793
27922
31027
19972
7914
19800
28954
357
961
12579
24841
26853
2974
12731
7422
26902
10006
25195
31711
2775
21217
18207
17343
18051
1596
6450
11102
3944
24717
20097
5358
13179
23110
5828
26141
25417
32011
17182
8527
30257
26391
19442
9259
16081
7644
26873
12122
958
29673
28561
7051
28792
1553
27480
24507
4765
5066
9466
19635
14172
14035
2887
8658
15661
15898
12937
24332
11711
12252
24084
30771
13362
14094
18462
19829
17287
32764
7121
3367
341
18480
21919
25281
18621
9621
32214
5929
22943
18652
29044
1588
2062
16159
11580
3434
2
30404
20233
22537
29005
2981
16739
11341
14289
7789
17744
7663
21487
15173
20076
18923
18243
5041
25916
32647
10638
4020
960
31377
2547
31291
8263
4840
28775
19641
23175
1342
4963
24078
32493
14619
5595
30893
21554
10277
24948
7166
26415
19104
28914
27905
18674
11569
7919
6709
29457
5095
19667
14008
17982
20091
30208
20655
22300
8663
845
18152
32082
27350
29366
8638
22749
24139
10066
29501
16810
2628
30085
647
21860
31888
16246
18038
6027
12926
13763
29571
22470
13800
4212
8423
21114
2928
21550
18688
16283
22026
30633
10485
17346
21435
32100
17309
30592
6048
21912
2973
30963
9521
7274
30929
15254
20679
2148
3310
2653
2396
7462
2917
28674
28562
30297
26762
31129
24055
16101
13301
1899
18056
10340
552
8193
2420
30422
6515
31103
10530
29846
26133
11572
32628
25229
31140
18798
22606
14501
6575
13715
5458
19072
8609
7277
16110
9323
15336
20678
9881
13453
13911
24629
32345
5220
30153
18487
2441
1651
19720
385
19161
31796
15085
21909
21398
14420
21448
12948
6188
24863
23041
29011
28137
5946
18944
16816
5635
25744
23883
12583
31197
6030
18670
32672
31878
24211
15136
13963
1410
14242
23587
13871
10446
2139
22124
11583
4126
29225
10756
11951
2409
14012
20270
22981
24231
16570
27722
18547
23258
9393
8953
14308
8267
11857
14466
8021
13334
19928
7541
10534
25320
31181
6286
16945
25352
22769
6363
13146
22420
18547
29473
31079
6414
4707
3709
20243
26391
26729
17479
7517
26489
30391
30523
17958
5739
9020
9691
31995
3089
19738
31759
8752
15171
8283
10255
21550
3471
20959
30338
11021
129
22425
31208
21094
10273
28924
16693
30050
15038
5039
25022
12567
2538
4232
22617
277
3270
1208
1472
23099
24448
27459
18999
26576
23577
25268
1135
7887
12396
31502
30633
7041
5484
8197
23838
32081
2989
29550
9375
13533
16678
11253
10361
30793
1077
19470
22683
20952
26595
17710
8443
31933
32106
23354
3893
1070
18164
23616
31605
22715
18342
101
14488
20446
21725
1566
3982
16851
3255
24227
2563
14761
5590
32417
20542
27546
3168
10031
7753
26008
16458
15108
5202
11816
10455
29671
26193
17779
12635
3174
12011
15514
17221
12747
27030
22347
12636
21068
22527
27538
26697
7042
22185
29681
2134
15645
25814
1970
19573
17365
25514
11644
25220
8356
20622
15397
6351
12338
32467
15815
1239
22161
5271
2326
1874
810
20205
1264
20850
12535
20792
18998
20330
14067
984
6107
7215
31951
17929
19770
25211
26599
30471
24237
20248
5236
6775
30811
30811
12035
7170
17233
24303
550
30275
213
27603
3177
16611
28662
4006
12935
27138
12648
26403
25054
7897
7567
2280
14113
10142
16602
24699
32077
15016
29266
14990
6366
2772
14451
26242
13122
5415
28730
4395
14990
29109
27263
15571
2416
11201
29573
31361
19300
25893
30928
18555
28971
18677
16694
14857
18810
4447
27449
19580
4591
9429
9620
3439
5192
3695
22036
30285
9175
21898
8873
8467
3889
30902
4285
14935
23079
4047
11972
21642
21495
22889
31765
122
24003
14193
760
20250
30017
24338
22784
8326
22453
16342
31131
25666
20764
26126
12007
11970
2986
23667
31943
18480
29559
20749
16951
6249
630
340
1244
5193
2214
12694
6879
4136
17548
13208
9980
7076
24544
16512
6870
19105
9351
10738
13198
3983
32193
9850
9363
2796
6564
15658
25788
29705
16073
5252
20884
32528
10821
10394
7413
25670
2522
11379
14552
27790
26223
6833
13675
10031
4798
14705
17764
11478
29261
5491
23701
5087
11423
14459
7361
31184
8363
7926
1199
17958
11405
12513
5500
2645
7548
16871
25141
8970
23548
23753
15782
32435
10324
24067
31340
11585
31555
8621
29010
7468
24303
18591
16858
10680
21534
22744
281
24184
6056
15649
19144
5136
23597
26605
26777
19006
19459
7556
967
25372
26482
10592
5361
9119
4900
727
1576
7524
27351
9467
15175
26028
11349
7615
29826
15781
20134
6235
16194
4075
6532
26353
26929
26446
20751
20336
10640
17110
18882
8121
29905
27396
30886
19712
11874
11355
21445
8821
11463
6943
5858
17188
17387
17501
16487
794
18872
28715
23199
23498
18661
22833
25893
32687
22031
32104
29341
20786
15116
27682
20129
16589
27772
13643
16382
22129
32160
24046
15137
27173
1648
32250
6348
20465
12263
27463
9486
31482
23202
5588
6769
23534
5033
31059
23925
32418
19341
18407
3133
11002
947
12844
13961
3338
26095
28792
20964
10362
31316
29024
15903
6959
28491
20862
28157
29479
10211
114
2096
7077
1128
14119
5252
9615
6455
9048
2395
28436
18384
27730
19801
28305
28205
29947
352
9398
8275
32531
9919
31205
8230
5050
30118
2778
1921
21810
30686
10385
22662
7655
15286
3940
26675
4268
13121
6517
22326
32328
5054
28747
3331
17457
18776
448
26915
2199
21264
15386
7887
30628
6903
21880
28349
26115
7840
8816
13114
31903
31701
16374
29305
20909
13705
5247
27435
4844
17678
27751
20303
9515
19336
13712
8524
23821
30626
7757
26429
13577
29567
7038
10380
9396
28404
6652
27074
32067
6644
24375
6813
28491
9035
23837
10852
7628
3983
32062
13943
25198
31828
10030
1834
9994
9120
1579
20179
30828
13215
20992
24354
13912
20119
7977
18609
1226
18205
31288
6364
25218
27786
21112
10707
2240
31657
30671
14573
30797
1970
12265
14144
22458
28540
9874
2158
1772
13038
15716
9153
3033
15543
32419
19323
15500
29758
14181
20071
19055
11228
31990
1972
4809
16202
8570
4355
22662
30293
23508
23231
19255
32729
9927
7853
32601
6380
7003
24772
15322
13402
19075
29246
16601
13906
23036
10991
27566
6238
26744
19670
23594
2456
31996
17906
32543
24348
1415
17494
8739
26809
10484
20608
29842
32236
28705
25063
6610
22286
2641
8659
12507
1740
12495
20593
29942
10200
28117
39
23492
4830
19115
6949
21635
12474
10515
26429
3213
15592
19429
31732
23841
3131
21239
24281
18022
11218
11839
14869
7085
27721
19516
24900
17655
11564
1937
6275
14775
31921
6132
20938
6361
24486
2630
21629
514
21928
1027
829
5146
28054
21981
13316
13576
32325
8612
20081
1724
22389
5993
9312
11635
32516
3555
14526
19254
20066
31250
26780
21668
1093
2593
10881
8946
7838
26513
22533
26416
4299
25748
13723
25294
10766
6327
11439
2398
16446
12484
27633
28571
29372
30183
25072
11179
6569
20495
17898
2721
13654
18327
8930
16198
29180
18982
6388
28185
5038
14036
18662
14996
24203
30094
7679
14769
20280
7611
27164
28077
14222
28703
2048
12044
5007
10240
30700
9949
10911
26504
10863
15935
20721
17259
28032
10020
23871
12746
12234
25173
9918
24662
3655
26295
8017
13752
24592
19916
24060
561
13428
10620
11676
9085
30535
26390
29654
8190
12156
25490
1102
32022
3063
5401
13337
21717
12956
28103
16756
28372
1452
23471
25526
24672
21329
2591
6019
30683
9079
18470
31555
30560
6110
14420
20434
25254
4717
11713
29049
25639
5578
23120
23838
3457
5159
12853
5559
30492
8287
10421
32261
781
13633
10797
31358
18234
1835
30550
28555
25279
5084
17863
28659
17041
25731
18876
12183
6497
13851
3349
3681
3780
31739
14242
20343
27024
28841
11421
20660
14729
10480
8568
22104
17469
23858
4570
16126
14636
23807
13540
13263
28972
24805
22456
10486
15628
11914
16700
16979
1912
17145
795
28788
19996
30522
23565
22977
13837
21285
3929
25590
16228
631
21912
29143
23596
8230
19131
10527
28286
19442
32079
21689
29162
15933
768
14130
21529
19996
13916
24943
16561
7598
474
24987
25721
24749
23579
24164
27582
28994
22895
29287
16373
10014
30363
23528
18593
9414
218
21703
13175
3886
16161
9903
1984
25482
16551
20369
2304
24417
29861
19025
11477
12003
28506
20415
10273
21884
83
9160
22379
1193
32233
17134
1667
21771
27147
1013
23397
5562
21566
479
26720
9691
7393
25115
10616
3189
32182
19194
28936
17024
31646
7778
1964
25407
9636
19654
861
14032
17725
21589
6622
19202
25550
16498
29272
3686
18799
15717
14913
8617
22767
5200
385
21280
27928
9060
8664
30885
6964
9812
13690
7074
32464
25354
24829
11115
29375
3738
29813
10705
23394
32372
10206
1524
26151
31197
30394
6488
25168
16288
24314
31547
5878
5120
1826
7718
14925
27378
4009
27587
28201
649
5022
21230
26049
434
7314
31758
6323
28449
3505
6054
10057
5259
18994
31527
21499
8726
6898
9
13877
9742
5979
22809
2650
11481
5515
21013
17160
7469
26034
11638
16286
9344
23740
5261
19451
18368
29233
19921
19849
27717
30041
11640
16763
27908
7587
29764
28754
4101
31303
4256
31398
28695
1323
30187
8995
11970
23812
32276
31186
637
27325
2407
19609
29985
30236
20646
262
26270
28067
7516
15176
10220
26036
23662
30334
16965
4857
16115
29237
16018
17411
23877
6443
291
7729
4184
17753
3490
8660
30027
1329
18250
14736
20285
17957
340
22790
15202
2152
29618
28335
27478
32760
26624
11531
22961
18140
12984
28412
11483
1194
19621
15212
15394
12109
8346
11318
27401
18693
24931
15428
20195
16303
31740
16629
21153
20807
31233
4801
19689
6571
26726
10527
15464
11682
5736
11686
7784
26396
16579
19059
5029
18108
32038
14284
18268
3731
31204
19714
19622
31279
26092
6300
26116
14292
5371
17329
27451
1801
13328
17558
16738
8278
8737
9402
6457
19021
16652
24013
26556
16327
21200
4648
19704
19312
14077
9321
23838
15494
7273
29277
32726
6365
31525
14116
22997
12327
27311
22671
29874
29810
10345
9165
6389
15346
25162
15687
3698
20481
6612
18376
14037
28004
13126
1761
13949
6608
1298
140
8078
29356
31633
25103
21313
22809
9462
11299
3455
7984
14721
27222
20143
6794
29685
31150
6092
16390
20043
8847
11450
11462
30376
2526
20698
16507
4237
15719
12764
11491
5709
24444
29908
7824
28357
13791
6544
25322
2887
8163
10281
12151
8663
14285
23769
28250
22426
9088
17932
13338
28555
22618
2234
17061
20848
22105
16115
15765
32013
7810
9404
29617
15767
26755
1817
25015
12651
23447
10603
21081
31232
20138
5372
16261
10266
21438
1753
22761
14401
4749
28640
21431
13170
13935
15129
26533
18452
29567
20042
7481
28461
26361
30917
20803
29142
22247
17541
4523
25325
5373
23929
14188
24841
2241
800
25057
13491
9455
14422
14144
7891
19483
9582
3684
27496
26776
24704
26063
7292
15257
4100
19439
16728
10134
7072
7328
19956
31217
24383
14323
1713
30682
5219
5677
21578
12912
26044
23827
5128
26152
24825
23141
14390
26995
15070
1961
19669
28315
6551
31529
13457
7406
22860
27199
12787
17695
32501
8400
4311
13545
19824
4631
1057
28149
12496
26276
2988
17406
29689
11172
30339
9779
29802
1890
21844
6109
18521
5902
28961
7233
2821
22974
6713
6600
17224
19634
25447
30813
6251
7388
7529
32535
18751
4511
9891
13592
6505
5336
25365
18869
10494
31771
28811
18391
27216
30527
27411
6304
10759
18460
21940
6482
23923
10131
31581
18541
11040
31695
23580
19992
25003
17355
31376
25538
20693
23572
7585
24329
14550
209
23150
25563
17396
12544
31367
475
15955
22274
4701
16646
15
23130
23543
24982
15752
32434
10726
21286
12797
13342
1658
10008
22621
15525
21302
564
9817
19198
31874
20881
32190
32407
5536
18105
18434
24796
28897
24328
28700
18357
2073
31317
11929
16720
18768
17621
23533
27938
7098
30779
15623
26152
12522
14372
32296
8819
30274
3507
20468
27619
15022
18040
23242
22067
23698
14999
31825
22069
5120
15910
851
24159
11567
16854
24015
9351
18216
26326
27977
29931
27331
2548
30053
13940
3538
2566
22708
1084
22172
19848
6094
77
13197
19334
18081
17324
6955
7101
27656
3990
2124
20989
32672
9225
1670
10449
31191
24454
25320
16226
10821
3094
21735
28313
18496
32139
13211
31108
29098
25864
2860
7419
3086
32195
9863
17027
15339
30474
24917
23154
26192
16260
22061
8532
28841
5562
15624
21646
13017
469
3574
6721
20361
7337
15376
8305
26303
18419
7342
14183
22194
15327
20186
27475
32477
3534
14084
24886
14674
5205
25335
31487
32337
19593
27147
1780
26137
9338
7580
32340
31998
20221
7612
5947
7612
1199
9765
11717
17931
22070
10097
18550
6515
29642
142
15322
1634
3573
27756
12648
16764
13206
30712
5548
2866
20780
5198
12710
29590
13649
6442
29549
4205
16005
19360
10775
22918
5677
15630
14557
8011
7387
5710
1403
20374
27600
9008
9686
31942
4032
12839
4321
23313
24789
7234
22209
10268
7158
2398
9264
12488
8520
17563
5407
26959
31733
13580
6815
19345
5933
20147
30721
28584
17515
4012
6972
4802
30458
23976
21648
48
22711
22429
12649
4282
7192
28604
32390
13366
12141
24996
13658
14681
13670
22741
22707
18380
26326
23399
1177
16514
16822
19708
13689
30794
10605
7667
2691
160
23631
31454
1872
29385
25187
4150
6344
28959
22889
13902
24899
21161
16923
6534
4078
11502
12980
12993
18289
12299
4783
9241
22478
2308
17361
19921
20364
15960
23657
12170
10262
15064
22231
27066
4446
31416
23115
29531
8389
3815
207
22496
26431
27292
16008
4461
12978
12082
20024
21319
32416
27189
18184
22666
22534
31165
16261
2842
14468
2810
8680
5851
7357
26385
5530
15653
23041
550
8695
31858
30506
186
28243
24666
3267
10040
17210
3522
28784
26570
12540
24400
12169
625
32617
9762
7433
27477
19162
25279
30375
27482
29297
2637
25922
12019
15265
11269
23682
14139
20208
2789
7613
24898
29179
32676
25111
30628
8891
14059
28654
609
30728
8130
8053
18664
27483
7753
4766
14965
28632
22184
9278
12445
31372
9288
21100
16424
24563
4420
10281
3102
10941
25114
27207
20260
20433
2471
2947
3849
25491
6482
11253
11933
13410
391
10154
20930
28261
13927
30863
18373
11400
3261
28560
28654
6849
25396
2306
19541
3480
27592
24638
14072
13030
10619
1679
27915
16349
30281
16719
25743
16456
9565
29516
8230
27412
5509
13681
29990
8208
18404
25250
30700
29425
20199
6887
627
26521
10618
461
2341
17305
24187
15369
12784
6388
27758
28767
24989
28198
24947
20418
13149
10084
12150
26813
3749
5414
4262
18961
20284
19427
4136
14496
13203
10523
2828
31881
1364
10651
15744
2453
12349
29949
12355
1746
15151
17006
6749
31101
22402
31412
2830
5925
31388
15215
28676
782
13762
8094
19408
31444
16429
29030
12443
13904
26465
10511
21269
32447
22970
23888
18863
16673
32584
2252
19466
8160
21725
18652
1711
18354
32099
31119
22272
3008
32115
21231
879
3336
21796
27526
17389
28928
27681
17441
11941
27516
1023
16596
23787
8145
9421
13118
23663
7483
14316
23054
16567
31356
17697
31174
26828
21702
1512
29376
19763
13787
17163
30830
27166
9587
12404
19941
6628
27102
15167
11165
29615
15338
32276
12914
628
29191
20404
4079
26665
26281
8145
14284
16690
7662
5667
22197
23580
28289
10168
25166
6541
12734
5772
27251
2171
16151
3929
4036
4765
14006
22960
17249
19743
24419
20041
13298
16794
7081
1944
3051
17219
14900
160
25870
9315
9598
5644
5425
24583
13995
7548
14401
3064
12209
1821
7047
9965
8379
15740
28202
5888
15568
14236
23285
27743
25007
28998
28507
15428
22270
15776
29624
10279
2212
10241
6362
25906
16500
22276
7872
22517
8971
9691
22689
6235
29691
26598
12849
29148
25897
2692
6687
13301
30067
2346
30178
26325
8854
26546
693
14426
29263
9973
18400
13627
5825
26523
32314
8839
12823
12082
4332
2894
32106
894
7031
22173
22245
20496
2297
31152
31527
18970
14508
6756
28136
18050
19375
13803
21984
13877
9
8131
20452
15550
15595
27881
32083
5399
13365
8010
20912
14527
15676
9594
25488
32012
19658
680
17591
6851
11879
13010
9598
21478
25303
7989
18296
11213
18404
14088
852
25976
27998
105
26117
15396
15199
13720
10529
2588
19923
16995
2695
20946
10552
13793
18245
23854
11427
31843
15801
26406
25860
30120
31478
911
9642
15184
14184
14643
2570
11155
1724
547
17596
3123
16122
9807
24518
22959
23284
9299
21021
5818
23524
7316
3689
12267
28241
29324
28425
18358
22066
6242
9047
32411
26198
14526
557
2973
1795
13019
26024
14582
4062
7390
29739
6409
30986
16486
31399
1944
10132
17764
15386
19255
22799
32557
23126
27393
29307
4045
15364
3209
13932
21918
5096
28180
9832
22298
28007
20741
5008
8430
25158
26776
8834
19023
23988
8403
18047
5009
4235
20922
30665
21238
31443
12995
10575
9156
11912
8841
16780
2970
12188
5828
6829
2563
5440
18553
19954
17996
20576
28782
20054
20371
15212
10209
5746
8993
22366
16761
28063
27898
23033
11901
2139
14001
29006
17476
2030
30849
24709
30189
7501
16538
23002
22096
21310
25785
14822
30259
17341
29179
2080
29378
15518
20211
24739
18489
6005
17402
11058
15588
18611
24006
17273
30793
27153
24127
30357
6820
17458
12173
31191
26771
7043
3446
16069
24339
17511
22759
18530
17323
17041
18896
26032
1255
30640
29493
30066
32520
9554
19843
5942
30970
17922
15136
28051
28038
436
15173
21936
29897
16740
16144
14341
25061
9721
21717
22118
26870
26223
7606
15165
24904
22837
16755
11799
30663
11476
21635
20834
26038
5074
25699
19828
32676
26582
7726
11472
12444
2060
17262
19877
13725
30411
24881
3224
11593
31350
32096
3267
20449
17824
11853
16638
25457
27251
20619
6749
16456
7506
20226
32762
31147
2749
12610
29684
32459
17525
25624
2487
18420
2529
28767
4478
25606
28593
5145
7447
31273
10945
29119
16870
5053
576
18901
15405
17040
11537
29376
22411
30548
7793
732
16578
7248
1499
24778
9405
18517
1576
11783
16593
7668
26619
16323
18499
10990
19292
6640
17162
23532
7331
8345
18903
22640
20632
29557
17235
23308
11224
10172
1703
22994
6523
21561
1858
4875
21747
9121
28118
21036
27447
24867
17060
261
22306
13120
3322
22844
15637
30941
3066
18938
2532
31894
27804
26084
30960
29270
8439
27981
17808
29476
15548
18601
2998
27456
31491
1861
7119
11887
20810
13878
17898
9875
13242
9104
24605
20606
28333
25048
3108
31496
14702
8123
76
31839
26175
10239
22416
20895
21409
7611
11521
23715
719
18627
1643
13338
30604
1639
21045
14813
17694
12893
31881
27520
27803
7163
24501
8486
28771
23465
5073
11930
16622
7319
24994
6812
26312
11947
23743
24697
3545
29886
26866
28639
21994
775
12001
24302
3173
471
17390
658
13148
10375
2395
24849
31181
25775
1714
13024
2341
409
17252
26043
19458
25590
25520
22004
4669
11727
3270
12812
13864
24254
21549
15488
10004
17501
15970
24549
32023
20223
4290
18743
31244
7838
31401
31855
7130
23573
23004
5971
9210
12943
7716
13970
14387
32064
4156
12560
168
32083
32749
7551
26389
11299
7544
22063
23382
32173
564
28455
16681
10054
11384
21108
27444
16009
29371
30401
18250
17556
12794
25640
8170
29044
15195
31560
5896
21469
17679
12952
15888
6430
25212
15866
28457
4437
18332
21652
19383
17375
23456
2267
1059
10259
24282
26352
19678
22064
10201
19760
9379
17555
15318
13063
20477
25902
17999
20996
11786
14133
13297
25907
19070
8474
29883
29351
20714
9916
10593
21334
17727
20444
16366
27946
9614
21200
17326
21332
22801
22395
25675
16612
4207
26236
30774
8598
31548
22694
32328
7407
30399
23216
25258
22409
6649
22830
2802
24236
17122
26816
28046
29213
2294
32394
14438
8251
14576
3300
19133
26695
15830
22610
1624
22276
6965
6326
15331
20864
23726
15044
13968
561
7857
21943
11009
7235
5257
10562
3432
26929
12185
14282
4845
21651
19429
20690
25168
27191
1492
8119
14287
31346
7476
4765
74
22712
2430
11689
12197
26731
9051
7793
22126
27633
1896
9136
15039
18953
5686
7487
30822
15711
13718
22592
27716
8798
14099
27548
28403
22341
1983
14513
8876
25213
3379
25668
22631
21290
21457
23485
20547
4096
29260
14995
22825
2135
18027
9221
5036
31618
28425
25867
23604
19037
10081
29324
8284
1830
26504
6097
9112
14222
28219
26938
30491
32015
6107
20271
10488
6015
9910
15706
28295
30182
24712
27155
19978
18829
9538
6684
2960
20311
25353
21647
23834
17236
2946
4884
10749
12948
28237
16983
22919
7993
7375
9914
29925
10960
15157
31047
8260
15074
25269
20712
12087
19397
30999
11226
22617
26040
8565
11615
19507
26672
10815
25523
13152
8044
7297
10818
22510
22607
20585
31768
32264
26223
11012
19097
12242
20586
26952
11378
149
5753
7255
30927
2844
18247
15106
8911
12126
22275
27788
26932
21341
27827
28849
11872
11085
6604
18663
3197
19705
12288
1764
31227
4707
10584
25696
4671
4010
22146
2076
22169
8241
18284
7203
31607
20222
8722
6480
5593
7776
23444
27664
15621
29397
1931
22121
29820
9514
12701
13116
29228
32740
30031
32455
5351
11231
18459
18541
7956
20533
10691
29114
2469
26977
12004
24226
841
7077
6606
31497
28642
1193
30099
14729
31801
20580
26462
28527
6640
5439
10758
12806
30649
15224
26595
6425
18886
29637
26337
2739
30337
315
15058
29737
31612
23149
29193
5210
7851
26072
28708
15158
16337
21887
27433
8829
24120
26066
16085
17353
9893
980
2608
20431
7563
7805
19301
10978
14719
10077
28113
4793
492
1667
32346
20849
1544
1437
31234
8661
16390
30305
27323
10462
14478
6187
18046
10358
32362
231
17559
20353
18050
3377
7491
19230
18442
7099
26492
32042
10490
6127
2324
31751
3774
6102
27905
16283
10031
4409
29688
8091
15811
27142
21309
1801
12544
26612
21945
251
23607
17258
13133
671
18798
24990
29286
5756
16286
31226
2001
19706
287
10947
10449
5669
20064
16636
879
26798
219
14216
20754
23090
21064
12688
30543
3263
9233
29732
11010
5525
23303
8997
18846
16681
9043
17762
23745
22640
12463
21505
31756
19289
20182
22817
305
25756
22072
25021
16973
27314
22771
18131
18041
21028
7167
4550
10395
25865
12456
2
7299
970
16962
27102
18995
25385
27672
4294
29565
27522
11173
6297
6100
7504
17159
12368
2652
7922
8112
11745
11843
22448
6495
8546
19796
15353
7502
9074
15561
12014
6573
25301
17505
7461
15696
13662
31667
13478
24485
12306
4546
24122
9448
2698
13009
23526
12954
20889
121
12466
2095
11567
20472
13742
20487
15741
8908
55
15519
21338
3457
32119
17929
2022
199
26411
23449
30573
10439
30121
24034
9102
22199
29473
29920
16540
10412
5155
5751
29252
25520
14689
20764
15216
13333
32439
11987
9580
18441
15208
17497
25159
30826
22443
16546
28285
29659
7014
4230
30162
8215
23097
27319
32641
9605
8382
22518
9622
22797
18191
2950
23449
30763
3209
8161
2156
27457
8400
2987
30582
562
15891
25316
25858
24364
14482
14433
10721
965
10077
13181
19031
13386
2654
11788
27701
9555
4505
28304
30786
10139
27059
21168
27359
17935
12721
32229
6123
2597
32259
24695
26085
23151
3265
10920
17488
10096
3892
46
24924
23214
