6684
10596
2916
24975
10109
1425
43
9357
17092
11834
8440
21265
24761
17174
21620
10157
17913
22877
29128
6259
23964
2010
27747
25516
25364
31042
27895
21709
25432
30916
31685
21926
22851
11489
8219
8157
26934
29822
6427
8859
5
6711
5053
28805
22801
20983
536
18926
12209
13509
30685
5962
8151
12001
12324
26598
31216
5136
8299
18647
3595
20020
15579
2097
12862
23071
20942
14457
2117
1705
5775
2140
18029
10752
23904
17056
1969
16704
1218
2652
26402
11844
3568
10084
27276
1979
31917
30472
86
12158
25663
21758
5290
8993
17852
4252
470
15047
9092
16970
24562
19003
28175
5432
30659
22589
11753
22860
23776
24602
3834
29023
29459
20864
12555
29096
25346
17039
24966
632
16911
2099
8829
23336
29052
10418
8942
26960
30931
23681
3142
30778
24453
4444
18723
27799
18897
9109
10590
26736
23783
16813
1865
27487
11854
11809
21045
17150
17027
21382
8760
24480
24291
24280
14637
24895
13002
21520
5371
28854
7165
20724
30491
14640
2629
29235
1364
5601
18013
3761
26569
18420
8206
15648
2102
18628
18329
22480
22135
3150
22101
29384
13898
18407
19097
30741
31317
4394
31452
24162
4203
26933
17435
11721
17163
2069
30588
18153
13353
31870
19248
8249
30001
29631
21149
28059
24650
15862
16829
26165
5848
25216
32705
7292
18756
22708
19707
7313
11263
14545
32762
17617
15812
31028
7671
3240
17182
3023
21104
11685
6955
28630
2578
25300
20895
3003
13532
12872
4619
25437
29570
29943
24672
32381
13327
4299
15023
4977
463
6389
2098
18972
3180
18565
31120
11037
10839
2871
15965
3911
23145
2192
13280
9041
2251
25898
28954
21455
6931
11853
21507
13665
1967
9150
29719
15659
31879
21468
7697
23941
22750
15848
15607
23283
32377
28325
21590
27991
15876
19233
28623
357
25265
32210
11218
11864
8482
14820
15274
13283
28041
18642
4282
5227
32014
5684
1798
8051
30321
11736
15093
88
5616
24595
27733
9534
18539
89
4767
4682
454
29196
1660
29970
21135
30610
25737
3153
224
30634
3415
14304
10375
11520
26295
17633
9829
29695
16948
19005
21268
10982
3296
10578
20685
22558
11348
1765
28808
2763
11506
20574
29284
10657
9581
8500
9546
9208
29580
7334
10701
14627
13866
4012
23637
18942
10370
28461
10877
26823
17065
1650
22457
6959
17244
27099
30012
688
1788
464
4377
24352
20439
16891
24744
8071
25513
24756
27179
29998
8803
8893
29105
7416
31274
3888
11579
21237
23715
8117
1054
9269
6510
16632
23976
4826
16880
14171
17158
16497
31318
15336
22629
4739
23510
25993
29016
1382
19512
12923
17530
8537
28310
17920
596
17873
4448
11860
21377
16141
15778
18147
527
23024
19338
2745
21033
27152
8229
27450
19955
30219
30825
32531
2230
32282
25976
7536
7485
4328
24099
14704
27519
8868
2477
4565
22910
23124
10194
2305
7022
18797
14856
14622
18202
16801
20997
6300
13956
15609
10625
17120
32203
3107
26429
14650
30802
16141
13636
12312
12575
31667
3185
15482
10881
14133
22833
30118
18678
1324
23946
24349
25931
28990
29789
11981
18949
5872
6632
17288
8192
27580
23950
24501
3670
28516
8411
31814
4482
13957
18371
18410
19910
879
15914
9859
24778
24884
30378
17626
30341
29951
18064
5265
9568
31143
17191
17498
21913
6532
1082
2151
14310
6786
28628
18210
3932
4211
29514
32285
21134
2474
19835
29516
26617
27077
20055
1650
416
26314
12190
14041
23539
23670
27370
12614
25589
27089
12528
31276
2206
3334
26115
2080
15230
12658
18394
25229
25764
25595
8338
6313
19902
8611
10998
9383
18562
29788
3071
3887
5196
21023
1431
26379
18184
29240
18082
24867
15698
3300
31807
13483
21980
14621
2123
1947
31760
23733
296
32607
17911
25250
24252
18896
10586
11161
30908
12900
3111
27870
14890
6049
13333
29018
11804
21720
22923
28910
18880
29711
25023
29191
6045
15423
1051
26994
10267
28608
24292
3186
27462
20225
16157
2320
22479
13180
8105
6323
851
22249
9137
8432
4064
6834
4165
22179
4790
25512
2374
5951
22602
24052
5507
27746
10641
15696
11810
28077
30330
19831
23874
29906
2493
26329
12254
22510
10707
7060
32500
7706
19269
12448
21479
25148
14378
14153
27683
22564
20715
23267
8191
10196
19018
14009
12519
4894
3235
18502
17082
6517
6257
20904
1137
3581
5139
16465
19458
21476
26321
27648
10627
13557
1306
16879
13715
1642
21007
12366
7926
4098
14918
26097
15231
26964
27591
14918
8243
16739
20315
20873
1195
17522
9991
20795
30138
5146
30163
14544
6992
1433
5327
12968
5534
6765
6488
28992
13691
26402
28824
27818
5127
23656
21580
5178
19854
9832
31946
18563
25519
5720
13378
12673
2749
19021
12100
17688
26213
1873
20098
4541
31121
31158
11736
8564
19853
20394
9353
2298
5224
25099
6860
30531
19102
24444
22663
22823
7155
11704
12634
25944
4002
29990
12767
9367
16311
2734
12848
18983
8122
11212
29098
28802
5773
16610
8177
3660
28567
6611
30516
14213
26403
22733
19379
32514
22018
32614
13438
3102
16504
20971
12671
14509
19542
1268
29370
19249
25187
26940
9428
8529
32512
2480
26322
24198
30220
28614
19748
29464
11782
528
5602
3913
5745
12561
29269
22223
23933
26191
2489
26760
10467
27049
6465
3690
22033
12523
21852
10681
1415
19872
28727
12156
30081
27944
27011
18737
28630
7946
2936
28096
20256
21899
14618
1710
24349
21631
29115
30099
7253
607
11713
3534
5885
20380
30889
22135
32028
10291
27724
10389
4076
9090
29025
32145
2179
26201
26948
491
12210
27477
9462
16428
11566
9577
19812
30748
20973
12478
8428
30260
25043
1469
10781
32598
8334
25194
21438
9404
9663
24051
32274
5167
15450
23176
31067
14457
20815
18798
2461
15900
13674
30031
22436
20548
13943
18133
29512
8699
21419
14199
19184
6044
4415
26258
15445
9354
12126
1211
8841
12577
18497
2388
1335
7405
6553
26205
19756
12570
32045
11917
8726
5932
21700
24993
21900
10225
27973
21237
32591
9907
7453
24145
11984
15537
8673
24325
22002
18641
308
7480
20752
22415
28908
9597
12354
22329
2672
16039
9692
23646
19812
29151
15928
2692
13705
22771
17590
29977
26590
9969
31232
3244
15116
7925
32659
27741
7936
27967
7291
7058
